100 100
1 
2500
0 0
0 5
0 11
0 12
0 14
0 15
0 16
0 26
0 29
0 30
0 33
0 34
0 36
0 37
0 38
0 40
0 48
0 50
0 52
0 58
0 62
0 72
0 73
0 74
0 78
0 80
0 81
0 86
0 88
0 95
0 99
1 2
1 11
1 12
1 17
1 20
1 21
1 25
1 27
1 35
1 37
1 38
1 39
1 41
1 48
1 49
1 54
1 55
1 56
1 59
1 66
1 71
1 78
1 84
1 85
1 88
1 93
1 95
1 98
2 1
2 3
2 8
2 12
2 17
2 19
2 20
2 22
2 24
2 27
2 46
2 49
2 52
2 62
2 63
2 69
2 77
2 97
2 98
3 4
3 21
3 23
3 25
3 32
3 34
3 36
3 38
3 43
3 44
3 48
3 50
3 61
3 62
3 64
3 73
3 79
3 80
3 81
3 83
3 84
3 85
3 90
3 91
3 94
4 3
4 5
4 15
4 19
4 32
4 33
4 43
4 46
4 51
4 55
4 56
4 62
4 64
4 65
4 69
4 70
4 71
4 74
4 81
4 82
4 83
4 87
4 91
4 95
4 98
5 0
5 1
5 2
5 10
5 12
5 17
5 18
5 21
5 24
5 32
5 36
5 39
5 46
5 48
5 50
5 55
5 56
5 58
5 59
5 60
5 62
5 67
5 71
5 74
5 75
5 79
5 83
5 85
5 86
5 91
6 0
6 1
6 6
6 10
6 11
6 14
6 18
6 21
6 31
6 36
6 40
6 46
6 47
6 53
6 57
6 64
6 71
6 73
6 75
6 76
6 78
6 85
6 86
6 91
6 93
6 98
6 99
7 2
7 8
7 9
7 15
7 27
7 29
7 30
7 31
7 38
7 39
7 45
7 47
7 51
7 57
7 58
7 67
7 69
7 73
7 78
7 79
7 91
7 98
8 2
8 8
8 12
8 21
8 24
8 25
8 30
8 34
8 37
8 44
8 46
8 51
8 55
8 56
8 57
8 61
8 62
8 63
8 66
8 67
8 69
8 73
8 77
8 80
8 91
9 1
9 2
9 3
9 6
9 14
9 18
9 19
9 21
9 32
9 37
9 38
9 48
9 52
9 53
9 61
9 64
9 65
9 66
9 68
9 70
9 73
9 77
9 82
9 83
9 86
9 88
9 92
10 0
10 11
10 25
10 31
10 32
10 40
10 43
10 46
10 50
10 57
10 58
10 64
10 68
10 72
10 73
10 81
10 84
10 93
10 99
11 5
11 9
11 11
11 13
11 20
11 29
11 31
11 32
11 33
11 44
11 49
11 52
11 57
11 58
11 63
11 70
11 93
11 95
11 98
12 9
12 10
12 13
12 14
12 27
12 32
12 34
12 35
12 40
12 53
12 64
12 71
12 73
12 81
12 90
12 95
12 96
12 97
13 2
13 4
13 5
13 13
13 20
13 23
13 31
13 33
13 36
13 37
13 38
13 42
13 48
13 49
13 52
13 54
13 57
13 71
13 75
13 78
13 81
13 82
13 89
13 99
14 2
14 6
14 14
14 16
14 17
14 18
14 21
14 23
14 25
14 26
14 30
14 38
14 47
14 51
14 52
14 56
14 59
14 62
14 68
14 70
14 71
14 72
14 74
14 80
14 84
14 85
14 87
14 92
14 99
15 1
15 10
15 18
15 22
15 23
15 27
15 28
15 31
15 33
15 40
15 48
15 50
15 56
15 62
15 67
15 69
15 70
15 74
15 75
15 81
15 86
15 98
16 0
16 2
16 3
16 9
16 11
16 14
16 15
16 17
16 20
16 27
16 28
16 34
16 39
16 40
16 41
16 43
16 48
16 55
16 59
16 61
16 66
16 84
16 85
16 86
16 95
17 2
17 5
17 12
17 13
17 14
17 16
17 21
17 23
17 25
17 26
17 28
17 32
17 35
17 37
17 40
17 48
17 49
17 58
17 59
17 61
17 72
17 95
18 4
18 5
18 6
18 10
18 12
18 16
18 17
18 18
18 26
18 33
18 34
18 42
18 43
18 45
18 59
18 66
18 68
18 74
18 81
18 82
18 83
18 92
18 96
19 0
19 2
19 6
19 7
19 11
19 12
19 16
19 24
19 28
19 33
19 40
19 41
19 43
19 49
19 54
19 56
19 57
19 60
19 65
19 69
19 73
19 80
19 82
19 89
19 92
19 99
20 5
20 9
20 18
20 20
20 23
20 27
20 31
20 35
20 41
20 43
20 45
20 49
20 51
20 60
20 61
20 62
20 63
20 71
20 73
20 80
20 81
20 82
20 83
20 84
20 88
20 90
20 94
20 95
21 0
21 12
21 18
21 21
21 33
21 37
21 38
21 44
21 45
21 47
21 50
21 53
21 54
21 55
21 60
21 63
21 68
21 70
21 83
21 92
22 4
22 5
22 11
22 12
22 15
22 17
22 19
22 27
22 35
22 36
22 37
22 38
22 41
22 42
22 43
22 48
22 50
22 53
22 61
22 64
22 67
22 72
22 73
22 75
22 77
22 79
22 84
22 85
22 86
22 87
22 92
22 98
23 3
23 5
23 14
23 21
23 23
23 27
23 32
23 33
23 35
23 39
23 61
23 63
23 69
23 79
23 81
23 95
24 4
24 17
24 27
24 30
24 32
24 34
24 40
24 45
24 46
24 49
24 52
24 53
24 60
24 64
24 68
24 69
24 74
24 75
24 76
24 78
24 81
24 82
24 84
24 90
24 93
24 95
25 0
25 9
25 10
25 17
25 20
25 21
25 25
25 26
25 28
25 33
25 39
25 41
25 42
25 46
25 68
25 71
25 73
25 74
25 78
25 81
25 82
25 91
25 99
26 5
26 9
26 12
26 18
26 21
26 22
26 24
26 27
26 36
26 38
26 41
26 43
26 44
26 50
26 62
26 63
26 65
26 69
26 72
26 82
26 85
26 88
26 92
26 93
26 95
26 96
27 16
27 17
27 25
27 27
27 28
27 39
27 41
27 45
27 47
27 48
27 49
27 54
27 57
27 58
27 62
27 65
27 68
27 69
27 70
27 83
27 96
28 16
28 19
28 28
28 32
28 36
28 37
28 39
28 41
28 43
28 44
28 45
28 47
28 48
28 54
28 56
28 57
28 58
28 66
28 70
28 71
28 72
28 73
28 75
28 84
28 89
28 90
28 91
28 96
28 99
29 0
29 3
29 5
29 8
29 9
29 19
29 28
29 29
29 31
29 33
29 41
29 42
29 44
29 47
29 51
29 53
29 54
29 55
29 62
29 65
29 70
29 71
29 72
29 77
29 79
29 86
29 96
29 98
30 3
30 8
30 14
30 15
30 16
30 17
30 19
30 23
30 25
30 36
30 38
30 39
30 40
30 44
30 45
30 47
30 48
30 54
30 65
30 66
30 70
30 72
30 76
30 77
30 86
30 91
30 95
30 97
30 99
31 5
31 14
31 16
31 19
31 23
31 24
31 26
31 27
31 28
31 29
31 35
31 40
31 45
31 47
31 49
31 50
31 59
31 62
31 65
31 70
31 71
31 78
31 84
31 85
31 94
31 95
32 1
32 6
32 11
32 16
32 20
32 24
32 27
32 29
32 35
32 38
32 41
32 49
32 56
32 57
32 59
32 63
32 65
32 66
32 68
32 75
32 82
32 84
32 86
32 91
32 95
33 3
33 5
33 6
33 11
33 12
33 14
33 17
33 20
33 21
33 23
33 33
33 34
33 35
33 40
33 47
33 49
33 54
33 55
33 66
33 77
33 83
33 87
33 88
33 93
33 94
33 98
33 99
34 1
34 8
34 11
34 14
34 22
34 29
34 34
34 36
34 40
34 44
34 45
34 47
34 50
34 52
34 53
34 55
34 57
34 59
34 62
34 75
34 76
34 79
34 80
34 87
34 91
35 4
35 5
35 8
35 11
35 14
35 16
35 18
35 19
35 22
35 30
35 34
35 36
35 37
35 38
35 57
35 60
35 63
35 65
35 69
35 70
35 73
35 74
35 97
35 98
36 1
36 3
36 10
36 18
36 19
36 21
36 22
36 27
36 29
36 31
36 33
36 34
36 44
36 51
36 52
36 56
36 62
36 65
36 67
36 68
36 74
36 78
36 86
36 90
36 91
36 93
36 95
36 96
36 97
37 2
37 5
37 9
37 13
37 14
37 24
37 31
37 34
37 36
37 37
37 38
37 39
37 40
37 47
37 54
37 55
37 60
37 63
37 65
37 67
37 69
37 77
37 82
37 89
38 0
38 7
38 8
38 9
38 11
38 16
38 22
38 28
38 32
38 33
38 39
38 45
38 46
38 53
38 58
38 64
38 65
38 71
38 72
38 73
38 85
38 87
38 97
38 98
39 3
39 5
39 6
39 8
39 9
39 12
39 15
39 17
39 21
39 22
39 27
39 29
39 34
39 35
39 37
39 38
39 50
39 56
39 59
39 65
39 72
39 75
39 76
39 81
39 85
39 94
39 97
40 4
40 9
40 14
40 22
40 23
40 27
40 30
40 45
40 47
40 50
40 51
40 52
40 53
40 58
40 67
40 74
40 77
40 78
40 88
40 90
40 94
41 3
41 5
41 6
41 8
41 12
41 21
41 26
41 29
41 33
41 34
41 44
41 47
41 55
41 57
41 64
41 77
41 79
41 80
41 81
41 83
41 89
41 93
41 97
41 99
42 1
42 5
42 19
42 21
42 22
42 27
42 40
42 42
42 48
42 53
42 58
42 65
42 72
42 74
42 76
42 77
42 80
42 83
42 84
42 85
43 1
43 5
43 8
43 11
43 20
43 21
43 23
43 24
43 25
43 34
43 41
43 47
43 51
43 63
43 65
43 66
43 68
43 75
43 77
43 82
43 85
43 89
43 99
44 0
44 7
44 10
44 12
44 13
44 18
44 22
44 24
44 29
44 31
44 36
44 38
44 43
44 47
44 49
44 51
44 56
44 61
44 65
44 66
44 69
44 76
44 77
44 83
44 84
44 90
44 92
44 99
45 5
45 6
45 7
45 10
45 11
45 14
45 18
45 19
45 20
45 23
45 26
45 29
45 30
45 31
45 34
45 37
45 46
45 50
45 52
45 64
45 65
45 68
45 69
45 88
45 89
45 92
45 98
46 0
46 9
46 13
46 14
46 17
46 18
46 25
46 29
46 30
46 31
46 33
46 38
46 39
46 43
46 44
46 48
46 51
46 56
46 63
46 64
46 66
46 70
46 71
46 76
46 77
46 82
46 83
46 85
46 88
46 90
46 92
46 93
46 99
47 0
47 3
47 16
47 19
47 24
47 25
47 31
47 34
47 38
47 40
47 43
47 46
47 47
47 54
47 59
47 61
47 66
47 77
47 78
47 80
47 82
47 91
47 97
48 6
48 8
48 12
48 13
48 22
48 31
48 38
48 40
48 42
48 43
48 51
48 58
48 63
48 65
48 66
48 68
48 72
48 75
48 77
48 78
48 79
48 80
48 81
48 88
48 90
49 0
49 1
49 2
49 4
49 14
49 16
49 18
49 19
49 33
49 37
49 38
49 42
49 43
49 44
49 45
49 50
49 51
49 52
49 57
49 58
49 61
49 62
49 65
49 74
49 81
49 84
49 86
49 88
49 89
49 91
50 0
50 8
50 13
50 25
50 29
50 30
50 40
50 42
50 48
50 49
50 56
50 58
50 60
50 62
50 67
50 69
50 72
50 73
50 88
50 92
50 93
51 1
51 2
51 8
51 11
51 12
51 16
51 19
51 23
51 28
51 30
51 35
51 37
51 41
51 59
51 78
51 79
51 81
51 82
51 88
51 90
51 94
51 96
51 97
52 0
52 6
52 7
52 11
52 12
52 13
52 14
52 20
52 29
52 37
52 44
52 47
52 49
52 56
52 59
52 60
52 61
52 67
52 78
52 83
52 89
52 93
52 99
53 5
53 8
53 17
53 20
53 23
53 26
53 28
53 29
53 34
53 38
53 40
53 42
53 49
53 52
53 54
53 57
53 59
53 60
53 69
53 72
53 74
53 76
53 86
53 88
53 93
53 96
54 1
54 2
54 8
54 9
54 13
54 21
54 29
54 34
54 35
54 36
54 39
54 40
54 41
54 45
54 53
54 55
54 60
54 68
54 71
54 72
54 77
54 79
54 80
54 83
54 88
54 89
54 90
54 91
54 92
54 96
54 97
55 6
55 9
55 15
55 18
55 19
55 23
55 24
55 29
55 31
55 35
55 47
55 50
55 53
55 55
55 73
55 76
55 80
55 82
55 93
55 94
56 1
56 9
56 10
56 13
56 15
56 16
56 18
56 21
56 23
56 28
56 29
56 30
56 35
56 37
56 39
56 46
56 48
56 63
56 64
56 66
56 69
56 72
56 73
56 80
56 83
56 84
56 85
56 92
56 93
56 94
56 96
56 97
57 6
57 7
57 10
57 19
57 21
57 23
57 24
57 25
57 26
57 27
57 31
57 32
57 35
57 36
57 43
57 46
57 49
57 51
57 56
57 65
57 66
57 67
57 86
57 90
57 94
58 2
58 10
58 14
58 20
58 34
58 38
58 48
58 49
58 52
58 53
58 58
58 60
58 61
58 68
58 69
58 70
58 71
58 83
58 84
58 87
58 98
59 1
59 6
59 7
59 13
59 15
59 17
59 28
59 34
59 35
59 36
59 66
59 70
59 73
59 75
59 78
59 92
59 93
59 94
59 96
59 98
60 3
60 8
60 13
60 21
60 22
60 24
60 26
60 32
60 33
60 39
60 43
60 44
60 45
60 47
60 50
60 52
60 53
60 54
60 63
60 70
60 75
60 76
60 80
60 84
60 86
60 88
61 0
61 3
61 5
61 10
61 22
61 29
61 40
61 41
61 47
61 50
61 52
61 57
61 63
61 66
61 71
61 73
61 74
61 78
61 86
61 87
61 91
61 93
61 98
61 99
62 0
62 9
62 11
62 14
62 17
62 20
62 24
62 25
62 28
62 30
62 32
62 33
62 35
62 40
62 41
62 45
62 51
62 64
62 72
62 75
62 81
62 87
62 88
62 89
62 91
62 93
63 2
63 11
63 12
63 15
63 18
63 24
63 25
63 28
63 36
63 37
63 50
63 55
63 59
63 61
63 62
63 64
63 65
63 66
63 76
63 89
63 91
63 93
63 94
63 96
64 4
64 6
64 7
64 10
64 19
64 23
64 24
64 27
64 28
64 38
64 39
64 42
64 57
64 65
64 66
64 67
64 69
64 73
64 74
64 79
64 85
64 89
64 90
64 91
64 93
64 98
65 0
65 1
65 4
65 5
65 6
65 13
65 15
65 19
65 23
65 24
65 25
65 26
65 28
65 32
65 37
65 47
65 53
65 55
65 59
65 67
65 71
65 73
65 78
65 79
65 83
65 85
65 89
65 90
65 98
65 99
66 0
66 2
66 5
66 7
66 8
66 9
66 10
66 11
66 12
66 17
66 18
66 21
66 23
66 29
66 37
66 39
66 42
66 44
66 55
66 64
66 69
66 73
66 81
66 83
66 87
66 90
66 91
66 97
66 99
67 1
67 2
67 3
67 4
67 5
67 7
67 8
67 11
67 12
67 23
67 25
67 30
67 31
67 32
67 33
67 38
67 40
67 43
67 44
67 52
67 58
67 59
67 61
67 63
67 67
67 69
67 72
67 75
67 79
67 84
67 86
67 89
67 92
67 95
68 0
68 2
68 4
68 6
68 8
68 11
68 27
68 33
68 48
68 51
68 59
68 67
68 69
68 71
68 73
68 75
68 90
68 94
68 95
68 96
68 97
69 2
69 5
69 8
69 9
69 12
69 24
69 26
69 45
69 47
69 54
69 58
69 63
69 64
69 65
69 67
69 69
69 72
69 74
69 76
69 80
69 86
69 93
69 97
69 98
70 0
70 16
70 19
70 31
70 33
70 36
70 41
70 50
70 54
70 57
70 70
70 72
70 77
70 82
70 86
70 87
70 90
70 94
70 95
70 99
71 0
71 2
71 7
71 19
71 21
71 25
71 31
71 33
71 34
71 43
71 44
71 49
71 50
71 58
71 60
71 62
71 67
71 72
71 76
71 79
71 83
71 90
71 97
71 98
72 0
72 1
72 2
72 3
72 13
72 14
72 19
72 25
72 26
72 33
72 35
72 37
72 45
72 51
72 55
72 59
72 62
72 79
72 82
72 89
72 90
72 94
72 96
73 10
73 15
73 16
73 22
73 27
73 32
73 35
73 38
73 40
73 41
73 47
73 48
73 50
73 53
73 54
73 55
73 62
73 63
73 66
73 70
73 71
73 85
73 88
73 95
73 96
74 4
74 12
74 13
74 24
74 25
74 28
74 35
74 46
74 47
74 49
74 57
74 58
74 61
74 67
74 68
74 80
74 83
74 85
74 87
74 88
74 92
74 96
74 97
75 0
75 7
75 10
75 12
75 13
75 20
75 27
75 29
75 32
75 39
75 41
75 43
75 50
75 54
75 56
75 57
75 60
75 64
75 66
75 71
75 74
75 76
75 87
75 98
76 2
76 10
76 13
76 16
76 18
76 21
76 27
76 30
76 32
76 35
76 44
76 48
76 49
76 55
76 58
76 63
76 64
76 65
76 70
76 71
76 74
76 75
76 89
76 93
76 95
77 7
77 14
77 15
77 18
77 22
77 28
77 33
77 41
77 43
77 46
77 48
77 49
77 51
77 60
77 61
77 64
77 66
77 67
77 71
77 74
77 79
77 81
77 86
77 88
77 94
78 0
78 2
78 5
78 10
78 13
78 14
78 19
78 20
78 24
78 30
78 32
78 35
78 36
78 39
78 40
78 42
78 46
78 49
78 53
78 54
78 57
78 58
78 60
78 66
78 69
78 71
78 73
78 75
78 84
78 97
78 98
78 99
79 1
79 4
79 6
79 7
79 10
79 13
79 23
79 25
79 43
79 44
79 55
79 63
79 73
79 77
79 79
79 82
79 86
79 89
79 90
79 94
79 97
80 4
80 23
80 28
80 30
80 37
80 39
80 40
80 46
80 55
80 56
80 57
80 61
80 64
80 66
80 67
80 79
80 83
80 92
80 97
81 0
81 7
81 10
81 11
81 19
81 21
81 31
81 41
81 42
81 43
81 44
81 47
81 60
81 61
81 62
81 63
81 64
81 65
81 66
81 72
81 73
81 81
81 85
81 86
81 88
81 89
81 95
81 97
81 99
82 1
82 5
82 7
82 9
82 14
82 22
82 26
82 27
82 28
82 29
82 38
82 43
82 44
82 46
82 49
82 52
82 58
82 63
82 67
82 68
82 69
82 71
82 76
82 80
82 82
82 83
82 86
82 99
83 1
83 2
83 3
83 15
83 18
83 25
83 28
83 29
83 35
83 40
83 43
83 50
83 55
83 59
83 60
83 64
83 69
83 72
83 84
83 86
83 88
83 91
83 92
83 93
84 3
84 11
84 15
84 22
84 25
84 27
84 30
84 43
84 45
84 47
84 52
84 53
84 54
84 56
84 57
84 58
84 59
84 61
84 62
84 69
84 75
84 82
84 86
84 87
84 88
84 91
84 92
84 94
84 95
84 96
85 15
85 22
85 23
85 26
85 30
85 31
85 36
85 37
85 38
85 40
85 41
85 43
85 48
85 50
85 56
85 68
85 70
85 71
85 76
85 82
85 87
85 91
85 94
86 2
86 4
86 9
86 10
86 16
86 18
86 20
86 22
86 27
86 31
86 38
86 39
86 48
86 51
86 52
86 60
86 66
86 75
86 76
86 82
86 86
86 91
86 95
86 97
87 3
87 5
87 9
87 11
87 12
87 17
87 20
87 21
87 27
87 28
87 31
87 32
87 36
87 41
87 42
87 43
87 50
87 52
87 53
87 56
87 60
87 61
87 66
87 68
87 69
87 70
87 77
87 79
87 80
87 85
87 86
87 87
87 88
87 90
87 91
88 0
88 9
88 12
88 14
88 16
88 17
88 27
88 31
88 32
88 33
88 36
88 44
88 47
88 49
88 50
88 53
88 54
88 56
88 57
88 62
88 69
88 70
88 71
88 74
88 76
88 84
88 95
89 0
89 3
89 5
89 8
89 10
89 14
89 19
89 28
89 31
89 33
89 34
89 35
89 36
89 37
89 55
89 62
89 64
89 67
89 69
89 73
89 74
89 75
89 77
90 0
90 1
90 3
90 6
90 7
90 9
90 18
90 19
90 20
90 22
90 25
90 28
90 30
90 35
90 36
90 37
90 38
90 39
90 48
90 49
90 70
90 79
90 83
90 86
90 89
90 90
91 6
91 9
91 12
91 13
91 15
91 16
91 22
91 23
91 26
91 28
91 31
91 35
91 37
91 38
91 41
91 44
91 57
91 58
91 59
91 60
91 63
91 66
91 70
91 71
91 79
91 84
91 85
91 87
91 88
91 97
92 6
92 10
92 26
92 30
92 33
92 34
92 37
92 39
92 41
92 42
92 48
92 49
92 50
92 57
92 62
92 75
92 77
92 93
92 98
93 0
93 3
93 5
93 6
93 8
93 10
93 12
93 15
93 26
93 32
93 33
93 34
93 37
93 39
93 42
93 47
93 51
93 62
93 64
93 65
93 72
93 77
93 83
93 85
93 87
93 89
93 90
94 1
94 8
94 18
94 19
94 20
94 26
94 27
94 31
94 34
94 50
94 55
94 57
94 58
94 61
94 63
94 68
94 69
94 71
94 72
94 76
94 79
94 94
94 97
94 98
95 2
95 13
95 16
95 17
95 18
95 30
95 40
95 43
95 50
95 52
95 57
95 61
95 62
95 63
95 69
95 70
95 71
95 79
95 81
95 82
95 83
95 85
95 92
95 97
96 0
96 2
96 3
96 8
96 12
96 13
96 20
96 22
96 23
96 28
96 30
96 43
96 56
96 60
96 66
96 72
96 90
96 93
96 95
96 96
97 5
97 8
97 9
97 16
97 21
97 34
97 35
97 36
97 43
97 50
97 51
97 52
97 61
97 71
97 73
97 74
97 78
97 79
97 84
97 93
98 10
98 14
98 19
98 22
98 24
98 26
98 28
98 32
98 35
98 41
98 45
98 46
98 47
98 54
98 60
98 65
98 68
98 69
98 70
98 71
98 73
98 75
98 80
98 82
98 83
98 87
98 92
98 96
98 97
98 99
99 11
99 15
99 16
99 21
99 23
99 33
99 35
99 37
99 40
99 41
99 45
99 46
99 48
99 52
99 53
99 65
99 73
99 78
99 81
99 83
99 95
