200 200
1 
10000
0 0
0 2
0 3
0 7
0 14
0 15
0 20
0 24
0 26
0 28
0 36
0 58
0 74
0 83
0 86
0 91
0 92
0 95
0 97
0 98
0 103
0 105
0 109
0 115
0 129
0 130
0 136
0 139
0 142
0 146
0 147
0 152
0 163
0 171
0 173
0 178
0 180
0 182
0 183
0 186
0 187
0 188
0 190
0 193
0 199
1 9
1 12
1 20
1 39
1 46
1 48
1 50
1 52
1 56
1 58
1 60
1 70
1 72
1 79
1 83
1 85
1 95
1 98
1 101
1 108
1 111
1 116
1 117
1 120
1 122
1 127
1 129
1 133
1 134
1 135
1 136
1 141
1 147
1 154
1 155
1 159
1 173
1 175
1 181
1 182
1 184
1 188
1 193
2 6
2 17
2 22
2 25
2 30
2 31
2 48
2 50
2 52
2 57
2 63
2 67
2 77
2 81
2 90
2 92
2 98
2 101
2 102
2 108
2 120
2 122
2 124
2 127
2 132
2 138
2 140
2 141
2 145
2 147
2 148
2 150
2 161
2 171
2 172
2 177
2 178
2 186
2 187
2 189
2 197
2 199
3 4
3 12
3 23
3 25
3 30
3 38
3 46
3 47
3 48
3 53
3 55
3 60
3 65
3 68
3 80
3 82
3 85
3 94
3 97
3 103
3 105
3 106
3 109
3 114
3 129
3 132
3 148
3 151
3 153
3 154
3 162
3 165
3 169
3 170
3 171
3 173
3 177
3 179
3 180
3 181
3 184
3 187
3 189
3 190
3 193
4 0
4 5
4 7
4 16
4 22
4 23
4 24
4 25
4 27
4 44
4 46
4 55
4 56
4 65
4 79
4 80
4 83
4 93
4 95
4 96
4 98
4 101
4 106
4 107
4 111
4 115
4 119
4 121
4 131
4 132
4 134
4 140
4 145
4 146
4 149
4 157
4 160
4 161
4 164
4 165
4 167
4 169
4 170
4 182
4 191
4 196
5 0
5 1
5 6
5 10
5 15
5 17
5 21
5 24
5 25
5 26
5 29
5 32
5 37
5 39
5 41
5 45
5 48
5 55
5 56
5 59
5 72
5 75
5 79
5 86
5 94
5 97
5 107
5 110
5 111
5 112
5 118
5 124
5 125
5 128
5 131
5 132
5 133
5 136
5 143
5 151
5 155
5 156
5 159
5 161
5 162
5 174
5 175
5 185
5 196
6 5
6 7
6 10
6 11
6 12
6 13
6 16
6 17
6 21
6 33
6 34
6 35
6 36
6 38
6 40
6 41
6 42
6 44
6 47
6 54
6 57
6 62
6 64
6 78
6 84
6 85
6 91
6 93
6 99
6 100
6 102
6 106
6 108
6 111
6 112
6 114
6 118
6 119
6 125
6 130
6 131
6 132
6 137
6 151
6 155
6 159
6 160
6 162
6 171
6 173
6 175
6 176
6 178
6 187
6 188
6 189
6 198
7 0
7 1
7 7
7 14
7 15
7 20
7 22
7 28
7 33
7 36
7 38
7 45
7 52
7 56
7 58
7 59
7 62
7 76
7 78
7 80
7 88
7 90
7 93
7 96
7 98
7 99
7 100
7 101
7 111
7 123
7 129
7 131
7 132
7 136
7 139
7 143
7 148
7 153
7 157
7 158
7 173
7 178
7 179
7 188
7 191
8 4
8 8
8 12
8 18
8 20
8 24
8 26
8 27
8 31
8 41
8 43
8 44
8 46
8 53
8 55
8 57
8 59
8 61
8 62
8 66
8 73
8 79
8 84
8 87
8 92
8 102
8 109
8 118
8 120
8 124
8 125
8 129
8 135
8 136
8 138
8 143
8 146
8 147
8 156
8 161
8 163
8 164
8 167
8 168
8 169
8 172
8 177
8 178
8 179
8 180
8 183
8 185
8 187
8 191
8 195
9 13
9 15
9 16
9 17
9 22
9 23
9 33
9 36
9 37
9 56
9 58
9 60
9 61
9 62
9 71
9 75
9 86
9 89
9 94
9 95
9 99
9 106
9 118
9 122
9 131
9 135
9 136
9 140
9 142
9 148
9 150
9 153
9 163
9 164
9 165
9 166
9 167
9 168
9 174
9 181
9 197
10 0
10 5
10 22
10 23
10 28
10 33
10 37
10 39
10 40
10 43
10 45
10 50
10 54
10 58
10 65
10 68
10 70
10 72
10 73
10 77
10 79
10 80
10 84
10 88
10 89
10 95
10 96
10 100
10 101
10 107
10 110
10 113
10 119
10 123
10 134
10 136
10 143
10 144
10 146
10 158
10 164
10 165
10 166
10 172
10 173
10 183
10 193
10 198
11 5
11 11
11 18
11 19
11 21
11 22
11 27
11 31
11 33
11 41
11 44
11 47
11 48
11 52
11 54
11 56
11 57
11 58
11 60
11 63
11 65
11 79
11 80
11 87
11 88
11 90
11 100
11 105
11 107
11 109
11 113
11 114
11 116
11 120
11 131
11 135
11 137
11 144
11 145
11 149
11 152
11 154
11 155
11 158
11 160
11 162
11 184
11 194
11 198
12 1
12 4
12 5
12 6
12 12
12 18
12 26
12 27
12 34
12 40
12 42
12 45
12 49
12 51
12 55
12 56
12 60
12 63
12 64
12 66
12 71
12 72
12 73
12 89
12 90
12 92
12 93
12 105
12 110
12 114
12 117
12 125
12 134
12 137
12 141
12 150
12 151
12 154
12 163
12 165
12 171
12 174
12 177
12 183
12 197
12 198
13 3
13 13
13 20
13 27
13 31
13 33
13 35
13 37
13 42
13 47
13 51
13 52
13 58
13 74
13 80
13 81
13 84
13 89
13 94
13 96
13 101
13 102
13 104
13 110
13 115
13 116
13 120
13 123
13 125
13 126
13 127
13 131
13 133
13 137
13 139
13 142
13 146
13 148
13 149
13 155
13 157
13 159
13 164
13 175
13 176
13 178
13 181
13 182
13 185
13 188
13 192
13 196
13 199
14 2
14 11
14 14
14 15
14 18
14 21
14 22
14 34
14 51
14 53
14 56
14 79
14 80
14 84
14 85
14 87
14 91
14 92
14 104
14 107
14 112
14 120
14 124
14 125
14 126
14 128
14 129
14 130
14 133
14 137
14 138
14 139
14 143
14 144
14 146
14 147
14 148
14 152
14 162
14 163
14 166
14 167
14 170
14 171
14 174
14 180
14 185
14 187
14 192
15 7
15 8
15 11
15 13
15 29
15 30
15 31
15 34
15 35
15 36
15 38
15 40
15 42
15 44
15 47
15 50
15 51
15 62
15 63
15 67
15 68
15 69
15 70
15 72
15 75
15 77
15 78
15 84
15 85
15 99
15 101
15 108
15 115
15 118
15 119
15 122
15 125
15 127
15 136
15 139
15 145
15 155
15 158
15 164
15 166
15 169
15 170
15 177
15 179
15 180
15 186
15 189
15 192
15 194
15 195
15 198
16 2
16 7
16 8
16 10
16 11
16 14
16 15
16 23
16 24
16 34
16 37
16 41
16 53
16 60
16 63
16 65
16 66
16 70
16 71
16 80
16 84
16 86
16 96
16 99
16 101
16 110
16 116
16 117
16 127
16 128
16 131
16 132
16 136
16 138
16 141
16 149
16 155
16 157
16 166
16 170
16 174
16 178
16 183
16 187
16 189
16 195
16 196
17 1
17 2
17 9
17 10
17 11
17 12
17 21
17 23
17 25
17 29
17 31
17 35
17 49
17 55
17 59
17 60
17 63
17 75
17 76
17 79
17 80
17 88
17 94
17 97
17 99
17 100
17 105
17 114
17 120
17 121
17 125
17 137
17 148
17 149
17 150
17 154
17 156
17 159
17 161
17 164
17 172
17 179
17 182
17 187
17 188
17 193
17 194
17 195
17 199
18 5
18 7
18 12
18 16
18 17
18 18
18 27
18 30
18 35
18 47
18 48
18 52
18 58
18 61
18 63
18 66
18 69
18 74
18 77
18 81
18 85
18 86
18 87
18 88
18 92
18 100
18 107
18 110
18 113
18 116
18 117
18 118
18 127
18 128
18 137
18 138
18 142
18 143
18 149
18 158
18 161
18 168
18 171
18 175
18 178
18 183
18 184
18 187
18 192
18 195
19 0
19 7
19 8
19 10
19 12
19 21
19 28
19 30
19 32
19 44
19 45
19 47
19 49
19 54
19 58
19 60
19 65
19 73
19 76
19 77
19 81
19 84
19 85
19 86
19 91
19 96
19 100
19 101
19 106
19 111
19 112
19 117
19 121
19 123
19 125
19 131
19 136
19 141
19 146
19 149
19 151
19 156
19 157
19 169
19 170
19 171
19 173
19 184
19 188
19 190
19 192
19 199
20 0
20 3
20 8
20 19
20 20
20 26
20 34
20 36
20 43
20 49
20 60
20 62
20 69
20 71
20 72
20 73
20 76
20 80
20 81
20 95
20 99
20 100
20 105
20 111
20 113
20 118
20 124
20 131
20 137
20 138
20 141
20 142
20 145
20 147
20 151
20 160
20 161
20 163
20 165
20 171
20 175
20 181
20 184
20 185
20 189
20 198
21 14
21 18
21 19
21 22
21 23
21 26
21 28
21 32
21 35
21 37
21 46
21 47
21 49
21 50
21 52
21 54
21 55
21 59
21 66
21 68
21 70
21 72
21 75
21 80
21 84
21 92
21 97
21 101
21 103
21 105
21 107
21 110
21 117
21 118
21 121
21 123
21 133
21 138
21 140
21 144
21 145
21 146
21 153
21 154
21 159
21 161
21 164
21 171
21 175
21 179
21 185
21 189
21 192
21 198
22 0
22 4
22 13
22 15
22 16
22 17
22 19
22 23
22 26
22 35
22 36
22 39
22 41
22 43
22 45
22 50
22 53
22 57
22 58
22 61
22 72
22 75
22 77
22 82
22 84
22 86
22 92
22 106
22 111
22 112
22 127
22 130
22 137
22 142
22 148
22 149
22 150
22 152
22 153
22 157
22 161
22 164
22 166
22 167
22 168
22 169
22 173
22 178
22 180
22 186
22 187
22 192
22 194
22 198
22 199
23 10
23 13
23 17
23 23
23 27
23 34
23 43
23 45
23 47
23 55
23 57
23 72
23 79
23 83
23 87
23 89
23 93
23 95
23 96
23 101
23 102
23 103
23 108
23 114
23 120
23 127
23 130
23 133
23 136
23 139
23 145
23 149
23 154
23 161
23 164
23 167
23 169
23 177
23 181
23 182
23 187
23 191
23 195
23 197
24 0
24 1
24 3
24 4
24 17
24 19
24 30
24 32
24 40
24 48
24 51
24 52
24 53
24 58
24 59
24 60
24 62
24 68
24 70
24 74
24 76
24 77
24 78
24 85
24 89
24 90
24 91
24 95
24 96
24 104
24 117
24 121
24 135
24 136
24 141
24 146
24 148
24 150
24 153
24 157
24 164
24 165
24 169
24 173
24 175
24 181
24 182
24 189
24 197
25 0
25 10
25 12
25 15
25 20
25 23
25 25
25 26
25 28
25 30
25 32
25 33
25 39
25 42
25 46
25 53
25 54
25 57
25 60
25 63
25 68
25 71
25 73
25 74
25 78
25 81
25 82
25 83
25 84
25 90
25 97
25 99
25 102
25 104
25 114
25 119
25 120
25 137
25 146
25 154
25 165
25 167
25 180
25 189
25 191
25 195
25 196
25 199
26 0
26 1
26 5
26 6
26 8
26 9
26 13
26 21
26 22
26 25
26 29
26 31
26 43
26 46
26 49
26 51
26 63
26 64
26 67
26 69
26 72
26 77
26 78
26 79
26 81
26 83
26 85
26 92
26 93
26 96
26 103
26 104
26 105
26 109
26 115
26 124
26 127
26 133
26 136
26 138
26 145
26 159
26 163
26 164
26 167
26 171
26 174
26 180
26 182
26 186
26 187
26 188
26 190
26 192
26 195
26 198
27 5
27 10
27 18
27 29
27 30
27 33
27 36
27 38
27 46
27 47
27 49
27 54
27 56
27 67
27 70
27 72
27 76
27 85
27 86
27 89
27 95
27 96
27 101
27 112
27 113
27 115
27 121
27 123
27 124
27 127
27 139
27 140
27 145
27 148
27 150
27 152
27 155
27 159
27 165
27 181
27 183
27 184
27 187
27 192
27 196
28 6
28 7
28 16
28 18
28 19
28 23
28 30
28 36
28 37
28 54
28 56
28 57
28 61
28 67
28 68
28 71
28 72
28 73
28 75
28 76
28 77
28 81
28 86
28 87
28 96
28 104
28 105
28 108
28 113
28 117
28 118
28 123
28 132
28 138
28 140
28 143
28 144
28 147
28 156
28 158
28 164
28 165
28 166
28 170
28 172
28 175
28 179
28 180
28 182
28 189
28 191
28 198
29 3
29 5
29 9
29 19
29 22
29 29
29 32
29 36
29 37
29 44
29 51
29 53
29 54
29 55
29 61
29 62
29 63
29 65
29 66
29 67
29 71
29 79
29 88
29 97
29 104
29 106
29 112
29 115
29 122
29 124
29 125
29 133
29 139
29 140
29 142
29 147
29 153
29 154
29 155
29 160
29 177
29 179
29 180
29 183
29 184
29 189
29 193
30 0
30 2
30 3
30 8
30 9
30 10
30 14
30 15
30 16
30 17
30 24
30 27
30 33
30 37
30 40
30 41
30 43
30 44
30 48
30 53
30 61
30 63
30 66
30 70
30 76
30 79
30 91
30 97
30 98
30 106
30 112
30 119
30 122
30 130
30 136
30 138
30 143
30 146
30 147
30 150
30 154
30 161
30 162
30 174
30 178
30 186
30 189
30 195
30 199
31 0
31 11
31 13
31 16
31 20
31 23
31 24
31 28
31 29
31 35
31 38
31 40
31 49
31 59
31 63
31 65
31 71
31 75
31 85
31 95
31 102
31 111
31 115
31 119
31 122
31 123
31 125
31 126
31 127
31 128
31 133
31 134
31 137
31 140
31 145
31 146
31 147
31 148
31 154
31 161
31 162
31 166
31 169
31 170
31 171
31 172
31 173
31 176
31 177
31 178
31 182
31 184
31 185
31 186
31 189
31 191
31 192
31 193
31 195
32 3
32 6
32 12
32 14
32 16
32 21
32 24
32 28
32 29
32 32
32 35
32 46
32 50
32 52
32 55
32 56
32 57
32 59
32 62
32 63
32 64
32 70
32 74
32 83
32 85
32 86
32 95
32 96
32 120
32 121
32 123
32 127
32 129
32 134
32 135
32 140
32 141
32 142
32 143
32 145
32 148
32 150
32 154
32 159
32 160
32 165
32 166
32 174
32 175
32 178
32 179
32 182
32 183
32 184
32 189
32 190
32 193
32 196
33 0
33 1
33 3
33 8
33 11
33 14
33 21
33 23
33 26
33 47
33 50
33 54
33 55
33 58
33 60
33 62
33 67
33 71
33 76
33 77
33 81
33 87
33 93
33 94
33 98
33 100
33 102
33 103
33 104
33 105
33 112
33 114
33 116
33 120
33 121
33 135
33 149
33 152
33 154
33 155
33 166
33 172
33 175
33 187
33 189
33 193
33 194
33 195
33 196
33 197
34 11
34 14
34 30
34 41
34 48
34 50
34 53
34 59
34 62
34 65
34 66
34 75
34 79
34 91
34 93
34 109
34 117
34 118
34 122
34 129
34 130
34 132
34 133
34 145
34 147
34 155
34 156
34 161
34 177
34 198
35 4
35 8
35 16
35 22
35 26
35 30
35 31
35 34
35 37
35 39
35 41
35 45
35 55
35 64
35 65
35 66
35 67
35 70
35 79
35 86
35 87
35 89
35 91
35 104
35 106
35 108
35 109
35 110
35 113
35 114
35 116
35 117
35 118
35 122
35 124
35 130
35 136
35 145
35 148
35 149
35 150
35 151
35 152
35 157
35 158
35 161
35 163
35 176
35 184
35 185
35 195
36 0
36 4
36 5
36 12
36 13
36 24
36 25
36 27
36 28
36 29
36 34
36 41
36 44
36 46
36 47
36 48
36 51
36 52
36 54
36 56
36 60
36 61
36 65
36 67
36 71
36 73
36 76
36 78
36 87
36 93
36 95
36 101
36 104
36 105
36 110
36 114
36 119
36 121
36 122
36 123
36 124
36 126
36 131
36 134
36 137
36 147
36 149
36 150
36 152
36 156
36 161
36 174
36 177
36 185
36 187
36 190
36 197
37 0
37 2
37 14
37 24
37 30
37 31
37 36
37 37
37 45
37 47
37 54
37 55
37 57
37 67
37 69
37 82
37 87
37 94
37 95
37 109
37 111
37 112
37 113
37 114
37 121
37 123
37 127
37 128
37 134
37 138
37 152
37 153
37 155
37 166
37 170
37 173
37 176
37 180
37 183
37 185
37 189
37 192
38 0
38 3
38 6
38 9
38 18
38 22
38 27
38 30
38 32
38 37
38 42
38 47
38 49
38 57
38 58
38 66
38 70
38 73
38 74
38 80
38 87
38 88
38 91
38 95
38 97
38 104
38 106
38 107
38 116
38 117
38 118
38 120
38 123
38 130
38 131
38 133
38 134
38 138
38 146
38 149
38 152
38 158
38 165
38 171
38 172
38 177
38 178
38 181
38 182
38 184
38 186
38 198
38 199
39 5
39 8
39 9
39 10
39 11
39 27
39 34
39 36
39 37
39 38
39 40
39 44
39 45
39 50
39 55
39 56
39 59
39 63
39 65
39 66
39 70
39 75
39 90
39 92
39 97
39 101
39 104
39 112
39 115
39 117
39 119
39 121
39 129
39 132
39 136
39 138
39 140
39 142
39 148
39 170
39 172
39 174
39 179
39 184
39 185
39 192
40 2
40 4
40 5
40 6
40 9
40 16
40 20
40 21
40 23
40 33
40 42
40 47
40 52
40 55
40 58
40 66
40 70
40 74
40 76
40 78
40 81
40 82
40 84
40 86
40 88
40 89
40 90
40 91
40 98
40 102
40 106
40 109
40 114
40 117
40 121
40 124
40 130
40 143
40 145
40 149
40 150
40 158
40 164
40 166
40 167
40 170
40 183
40 184
40 186
40 189
40 190
40 192
40 194
40 197
41 2
41 16
41 17
41 21
41 23
41 24
41 28
41 29
41 32
41 33
41 38
41 43
41 47
41 56
41 57
41 59
41 65
41 70
41 71
41 76
41 79
41 80
41 81
41 83
41 88
41 89
41 90
41 91
41 93
41 96
41 100
41 102
41 103
41 108
41 112
41 121
41 122
41 126
41 127
41 133
41 134
41 137
41 138
41 141
41 144
41 148
41 152
41 162
41 177
41 182
41 183
41 193
41 196
41 197
41 199
42 1
42 4
42 7
42 21
42 27
42 42
42 48
42 53
42 58
42 61
42 62
42 65
42 73
42 74
42 77
42 79
42 80
42 82
42 83
42 91
42 98
42 126
42 127
42 130
42 134
42 136
42 137
42 139
42 140
42 148
42 151
42 153
42 163
42 167
42 172
42 174
42 176
42 177
42 184
42 190
43 5
43 6
43 10
43 21
43 23
43 30
43 31
43 34
43 35
43 36
43 39
43 41
43 47
43 50
43 52
43 54
43 66
43 75
43 77
43 85
43 90
43 91
43 97
43 102
43 104
43 106
43 108
43 112
43 117
43 124
43 135
43 136
43 152
43 162
43 165
43 167
43 168
43 169
43 171
43 172
43 173
43 179
43 187
43 191
43 194
43 198
43 199
44 2
44 7
44 12
44 13
44 16
44 22
44 24
44 27
44 28
44 29
44 31
44 37
44 38
44 46
44 51
44 56
44 57
44 63
44 65
44 66
44 67
44 72
44 74
44 83
44 84
44 86
44 90
44 97
44 98
44 100
44 102
44 109
44 111
44 113
44 114
44 115
44 126
44 136
44 137
44 143
44 149
44 153
44 158
44 172
44 175
44 176
44 177
44 180
44 190
45 0
45 2
45 14
45 16
45 19
45 21
45 25
45 30
45 34
45 36
45 37
45 39
45 43
45 51
45 54
45 56
45 67
45 72
45 88
45 91
45 96
45 106
45 107
45 110
45 111
45 114
45 119
45 120
45 124
45 132
45 134
45 136
45 137
45 149
45 150
45 152
45 156
45 157
45 162
45 164
45 165
45 169
45 172
45 176
45 179
45 182
45 186
45 187
45 195
45 197
46 0
46 3
46 4
46 7
46 13
46 14
46 15
46 16
46 44
46 45
46 47
46 48
46 50
46 51
46 53
46 60
46 64
46 70
46 71
46 73
46 80
46 83
46 90
46 95
46 97
46 100
46 103
46 109
46 114
46 115
46 116
46 117
46 118
46 126
46 128
46 130
46 138
46 139
46 150
46 157
46 158
46 163
46 164
46 168
46 180
46 181
46 182
46 183
46 187
46 189
46 194
46 195
47 0
47 3
47 11
47 16
47 26
47 29
47 30
47 34
47 35
47 36
47 46
47 47
47 56
47 57
47 60
47 64
47 76
47 77
47 78
47 80
47 81
47 103
47 115
47 117
47 121
47 128
47 131
47 132
47 133
47 140
47 146
47 161
47 165
47 166
47 173
47 174
47 178
47 191
47 195
48 8
48 11
48 12
48 13
48 15
48 16
48 21
48 26
48 30
48 34
48 38
48 50
48 62
48 68
48 75
48 78
48 83
48 88
48 90
48 91
48 94
48 96
48 101
48 119
48 122
48 125
48 126
48 131
48 139
48 143
48 151
48 157
48 159
48 162
48 163
48 166
48 167
48 168
48 173
48 174
48 179
48 180
48 181
48 189
48 190
48 197
48 198
49 3
49 4
49 11
49 14
49 16
49 18
49 19
49 38
49 40
49 43
49 44
49 45
49 50
49 55
49 57
49 65
49 73
49 78
49 81
49 84
49 86
49 88
49 90
49 101
49 138
49 141
49 143
49 151
49 160
49 168
49 175
49 182
49 188
49 189
49 191
49 198
50 12
50 28
50 30
50 39
50 47
50 52
50 53
50 64
50 67
50 68
50 69
50 85
50 88
50 90
50 96
50 100
50 106
50 107
50 109
50 110
50 112
50 117
50 120
50 121
50 128
50 132
50 143
50 149
50 154
50 156
50 158
50 161
50 166
50 173
50 176
50 177
50 179
50 187
50 188
50 193
50 197
50 199
51 18
51 19
51 28
51 35
51 40
51 41
51 47
51 57
51 58
51 59
51 63
51 64
51 67
51 68
51 74
51 75
51 76
51 79
51 83
51 89
51 96
51 100
51 108
51 112
51 115
51 117
51 119
51 122
51 126
51 128
51 130
51 134
51 136
51 138
51 140
51 143
51 155
51 156
51 160
51 168
51 170
51 171
51 178
51 181
51 186
51 191
51 194
52 0
52 3
52 4
52 8
52 11
52 12
52 13
52 14
52 17
52 21
52 23
52 30
52 31
52 38
52 43
52 45
52 49
52 61
52 64
52 65
52 66
52 67
52 78
52 81
52 84
52 86
52 87
52 89
52 90
52 97
52 100
52 102
52 103
52 111
52 112
52 114
52 117
52 120
52 129
52 133
52 137
52 139
52 142
52 145
52 149
52 151
52 156
52 158
52 159
52 167
52 172
52 174
52 176
52 177
52 180
52 183
52 187
52 192
52 196
53 5
53 8
53 17
53 22
53 27
53 33
53 41
53 45
53 50
53 52
53 55
53 57
53 72
53 73
53 76
53 79
53 82
53 85
53 86
53 93
53 98
53 105
53 112
53 118
53 123
53 125
53 128
53 129
53 144
53 146
53 151
53 160
53 163
53 169
53 184
53 186
53 188
53 190
53 199
54 2
54 6
54 7
54 8
54 9
54 10
54 13
54 16
54 26
54 34
54 42
54 48
54 53
54 55
54 60
54 63
54 65
54 71
54 79
54 80
54 86
54 88
54 89
54 91
54 97
54 104
54 109
54 111
54 114
54 118
54 122
54 123
54 125
54 128
54 129
54 132
54 137
54 139
54 140
54 142
54 145
54 148
54 151
54 155
54 158
54 163
54 167
54 168
54 177
54 178
54 183
54 184
54 190
54 197
54 198
55 4
55 9
55 14
55 16
55 20
55 26
55 31
55 33
55 38
55 42
55 47
55 49
55 60
55 61
55 67
55 68
55 70
55 79
55 84
55 86
55 87
55 96
55 100
55 106
55 109
55 118
55 120
55 126
55 129
55 135
55 142
55 147
55 150
55 155
55 157
55 158
55 167
55 170
55 176
55 179
55 184
55 193
55 198
56 9
56 13
56 14
56 15
56 16
56 17
56 18
56 27
56 29
56 32
56 43
56 54
56 56
56 57
56 58
56 63
56 66
56 67
56 68
56 72
56 73
56 76
56 78
56 84
56 85
56 89
56 97
56 101
56 103
56 108
56 110
56 115
56 120
56 121
56 123
56 126
56 130
56 132
56 134
56 135
56 137
56 138
56 139
56 143
56 148
56 153
56 156
56 157
56 163
56 166
56 173
56 179
56 182
56 186
56 192
56 195
56 196
56 198
57 0
57 5
57 13
57 19
57 21
57 22
57 28
57 30
57 34
57 35
57 41
57 42
57 44
57 45
57 46
57 47
57 52
57 56
57 61
57 65
57 66
57 67
57 74
57 75
57 78
57 82
57 83
57 88
57 90
57 96
57 97
57 107
57 112
57 113
57 118
57 122
57 123
57 124
57 125
57 131
57 134
57 151
57 154
57 170
57 171
57 173
57 185
57 189
57 192
57 193
57 194
57 197
57 198
58 2
58 4
58 8
58 9
58 12
58 14
58 16
58 26
58 31
58 34
58 35
58 36
58 44
58 45
58 48
58 53
58 55
58 56
58 61
58 62
58 65
58 67
58 68
58 69
58 70
58 71
58 81
58 83
58 84
58 86
58 92
58 93
58 95
58 99
58 101
58 103
58 106
58 110
58 113
58 114
58 117
58 121
58 133
58 134
58 135
58 143
58 145
58 148
58 152
58 153
58 156
58 157
58 160
58 161
58 164
58 167
58 173
58 175
58 178
58 187
58 190
58 194
58 196
59 1
59 4
59 8
59 11
59 17
59 19
59 24
59 27
59 28
59 34
59 36
59 37
59 49
59 50
59 58
59 59
59 61
59 69
59 71
59 73
59 78
59 81
59 89
59 94
59 95
59 96
59 101
59 106
59 108
59 114
59 116
59 121
59 132
59 137
59 138
59 139
59 142
59 144
59 145
59 146
59 153
59 155
59 160
59 162
59 163
59 166
59 171
59 173
59 175
59 178
59 186
59 192
59 194
59 198
60 3
60 6
60 8
60 9
60 14
60 16
60 18
60 19
60 20
60 21
60 26
60 32
60 33
60 37
60 45
60 48
60 54
60 61
60 65
60 74
60 75
60 76
60 79
60 84
60 86
60 92
60 94
60 101
60 104
60 112
60 118
60 124
60 137
60 138
60 142
60 143
60 144
60 145
60 146
60 147
60 152
60 153
60 154
60 159
60 166
60 169
60 172
60 177
60 180
60 188
60 190
61 1
61 4
61 5
61 8
61 16
61 19
61 23
61 25
61 34
61 39
61 47
61 51
61 52
61 56
61 67
61 74
61 78
61 79
61 80
61 87
61 93
61 99
61 100
61 103
61 110
61 114
61 118
61 122
61 140
61 156
61 157
61 158
61 162
61 163
61 164
61 168
61 173
61 174
61 177
61 183
61 189
61 191
61 193
61 195
61 198
62 0
62 4
62 11
62 25
62 27
62 29
62 35
62 36
62 40
62 41
62 51
62 59
62 62
62 67
62 71
62 75
62 85
62 87
62 91
62 92
62 104
62 114
62 120
62 129
62 132
62 136
62 140
62 141
62 142
62 143
62 144
62 145
62 156
62 163
62 164
62 170
62 172
62 173
62 174
62 180
62 181
62 187
62 190
62 191
62 193
63 3
63 11
63 12
63 17
63 18
63 24
63 25
63 28
63 30
63 36
63 40
63 51
63 53
63 61
63 64
63 66
63 68
63 73
63 75
63 76
63 80
63 82
63 86
63 91
63 94
63 97
63 98
63 107
63 108
63 111
63 116
63 118
63 120
63 129
63 141
63 144
63 150
63 155
63 158
63 161
63 164
63 171
64 3
64 7
64 8
64 22
64 26
64 36
64 38
64 46
64 52
64 53
64 55
64 59
64 60
64 69
64 71
64 73
64 82
64 83
64 85
64 89
64 90
64 96
64 97
64 102
64 104
64 109
64 112
64 113
64 115
64 117
64 121
64 128
64 133
64 134
64 138
64 139
64 142
64 143
64 148
64 153
64 154
64 159
64 160
64 165
64 172
64 173
64 182
64 185
64 187
64 190
64 191
64 196
64 197
65 0
65 1
65 5
65 12
65 15
65 18
65 20
65 24
65 30
65 32
65 33
65 35
65 36
65 37
65 40
65 41
65 43
65 53
65 55
65 58
65 60
65 74
65 77
65 78
65 80
65 85
65 98
65 105
65 109
65 123
65 124
65 125
65 126
65 127
65 143
65 149
65 150
65 155
65 159
65 161
65 166
65 167
65 168
65 169
65 171
65 173
65 177
65 179
65 180
65 183
65 185
65 188
65 196
66 0
66 2
66 5
66 7
66 9
66 10
66 11
66 12
66 13
66 17
66 20
66 29
66 31
66 37
66 39
66 41
66 44
66 47
66 48
66 51
66 55
66 58
66 64
66 66
66 70
66 75
66 78
66 79
66 81
66 83
66 85
66 97
66 99
66 101
66 103
66 104
66 105
66 110
66 114
66 116
66 118
66 119
66 121
66 127
66 137
66 151
66 153
66 154
66 155
66 161
66 164
66 169
66 170
66 171
66 175
66 176
66 178
66 179
66 187
66 197
67 3
67 5
67 12
67 22
67 23
67 24
67 38
67 39
67 40
67 41
67 43
67 50
67 51
67 54
67 57
67 59
67 61
67 63
67 77
67 79
67 80
67 84
67 85
67 88
67 91
67 95
67 100
67 105
67 107
67 115
67 117
67 118
67 122
67 123
67 130
67 131
67 132
67 133
67 137
67 138
67 145
67 148
67 154
67 158
67 161
67 166
67 167
67 169
67 170
67 172
67 179
67 185
67 189
67 192
67 194
68 2
68 4
68 6
68 15
68 18
68 19
68 30
68 32
68 33
68 38
68 42
68 43
68 45
68 46
68 52
68 53
68 54
68 55
68 56
68 57
68 63
68 65
68 69
68 85
68 95
68 97
68 100
68 101
68 104
68 111
68 116
68 118
68 121
68 122
68 127
68 130
68 132
68 136
68 148
68 150
68 154
68 159
68 177
68 184
68 186
68 196
69 2
69 4
69 21
69 24
69 33
69 36
69 38
69 45
69 46
69 47
69 48
69 51
69 56
69 58
69 63
69 65
69 69
69 71
69 74
69 79
69 80
69 86
69 93
69 95
69 97
69 98
69 101
69 103
69 105
69 108
69 111
69 112
69 132
69 137
69 140
69 142
69 145
69 147
69 154
69 156
69 160
69 165
69 166
69 167
69 170
69 172
69 176
69 178
69 186
69 191
69 192
69 193
69 197
69 198
70 0
70 7
70 30
70 36
70 37
70 39
70 42
70 43
70 50
70 52
70 53
70 54
70 61
70 65
70 70
70 72
70 74
70 77
70 79
70 81
70 87
70 91
70 94
70 96
70 97
70 98
70 99
70 109
70 110
70 111
70 117
70 119
70 129
70 132
70 147
70 154
70 159
70 160
70 172
70 186
70 195
70 196
70 198
71 0
71 2
71 3
71 14
71 17
71 19
71 22
71 25
71 27
71 31
71 32
71 35
71 44
71 48
71 58
71 64
71 65
71 67
71 69
71 72
71 74
71 83
71 84
71 85
71 87
71 89
71 90
71 92
71 101
71 106
71 107
71 112
71 121
71 124
71 125
71 126
71 127
71 136
71 144
71 145
71 150
71 155
71 158
71 163
71 165
71 166
71 167
71 171
71 172
71 176
71 181
71 195
71 197
71 198
72 9
72 13
72 15
72 16
72 18
72 19
72 26
72 28
72 35
72 37
72 39
72 42
72 43
72 45
72 48
72 51
72 52
72 55
72 66
72 72
72 76
72 79
72 80
72 86
72 94
72 97
72 100
72 101
72 103
72 107
72 109
72 114
72 115
72 117
72 120
72 128
72 131
72 145
72 148
72 151
72 157
72 158
72 162
72 168
72 174
72 182
72 183
72 188
72 189
72 190
72 191
72 194
72 196
73 2
73 5
73 8
73 10
73 13
73 18
73 20
73 22
73 23
73 27
73 40
73 41
73 47
73 48
73 51
73 53
73 57
73 59
73 62
73 63
73 68
73 70
73 71
73 77
73 80
73 87
73 91
73 92
73 96
73 105
73 111
73 122
73 123
73 126
73 128
73 133
73 134
73 135
73 137
73 138
73 140
73 141
73 149
73 150
73 153
73 158
73 165
73 174
73 182
73 184
73 185
74 3
74 8
74 13
74 16
74 20
74 35
74 41
74 42
74 48
74 49
74 51
74 55
74 66
74 67
74 68
74 71
74 79
74 80
74 85
74 87
74 94
74 102
74 109
74 112
74 114
74 120
74 121
74 123
74 125
74 128
74 130
74 133
74 136
74 147
74 150
74 154
74 156
74 157
74 158
74 159
74 185
74 196
74 199
75 0
75 40
75 45
75 50
75 57
75 62
75 66
75 68
75 71
75 72
75 73
75 87
75 90
75 100
75 103
75 108
75 109
75 110
75 111
75 113
75 120
75 126
75 129
75 132
75 134
75 139
75 141
75 143
75 150
75 157
75 163
75 170
75 176
75 188
76 0
76 1
76 4
76 5
76 6
76 11
76 13
76 15
76 21
76 26
76 30
76 32
76 43
76 44
76 47
76 48
76 49
76 51
76 55
76 63
76 64
76 66
76 67
76 71
76 74
76 87
76 88
76 96
76 99
76 100
76 102
76 104
76 110
76 111
76 116
76 119
76 120
76 127
76 130
76 134
76 135
76 137
76 138
76 163
76 164
76 168
76 169
76 171
76 174
76 175
76 191
76 194
76 195
76 199
77 7
77 9
77 14
77 16
77 18
77 19
77 20
77 21
77 22
77 23
77 27
77 28
77 30
77 33
77 35
77 36
77 40
77 47
77 48
77 49
77 50
77 52
77 60
77 62
77 71
77 75
77 81
77 83
77 84
77 98
77 108
77 113
77 120
77 133
77 136
77 137
77 138
77 141
77 156
77 160
77 161
77 164
77 166
77 171
77 174
77 176
77 179
77 188
77 189
77 190
77 194
78 0
78 13
78 14
78 16
78 31
78 33
78 34
78 35
78 36
78 38
78 42
78 46
78 50
78 53
78 56
78 57
78 59
78 70
78 71
78 73
78 83
78 84
78 86
78 91
78 92
78 96
78 97
78 98
78 102
78 103
78 110
78 115
78 116
78 119
78 122
78 124
78 132
78 134
78 139
78 140
78 146
78 147
78 151
78 155
78 157
78 158
78 166
78 168
78 172
78 184
78 192
78 196
78 197
78 199
79 6
79 7
79 10
79 13
79 14
79 20
79 22
79 27
79 29
79 35
79 38
79 61
79 67
79 73
79 74
79 85
79 86
79 91
79 92
79 98
79 101
79 104
79 107
79 110
79 111
79 121
79 122
79 123
79 124
79 126
79 130
79 133
79 151
79 158
79 162
79 168
79 171
79 172
79 173
79 175
79 177
79 182
79 184
79 186
79 189
79 191
79 194
79 199
80 7
80 9
80 11
80 12
80 17
80 18
80 19
80 20
80 27
80 31
80 32
80 39
80 44
80 45
80 50
80 52
80 55
80 56
80 57
80 63
80 64
80 72
80 74
80 83
80 90
80 92
80 94
80 98
80 102
80 104
80 106
80 111
80 114
80 117
80 119
80 123
80 138
80 141
80 146
80 153
80 155
80 156
80 160
80 161
80 166
80 167
80 170
80 172
80 177
80 179
80 183
80 189
80 192
80 195
80 197
81 0
81 1
81 2
81 7
81 9
81 11
81 12
81 15
81 19
81 24
81 32
81 39
81 48
81 51
81 52
81 59
81 60
81 63
81 64
81 67
81 78
81 81
81 88
81 89
81 91
81 95
81 98
81 99
81 102
81 104
81 108
81 113
81 121
81 123
81 125
81 128
81 137
81 138
81 140
81 141
81 142
81 144
81 147
81 148
81 149
81 156
81 158
81 159
81 163
81 164
81 165
81 169
81 173
81 181
81 186
81 187
81 192
81 195
81 197
82 0
82 5
82 10
82 16
82 27
82 32
82 35
82 36
82 38
82 39
82 43
82 44
82 46
82 51
82 59
82 64
82 71
82 77
82 80
82 82
82 86
82 96
82 100
82 101
82 109
82 114
82 119
82 120
82 122
82 127
82 128
82 129
82 131
82 133
82 134
82 138
82 150
82 152
82 158
82 162
82 169
82 171
82 177
82 180
82 183
82 197
83 1
83 2
83 5
83 17
83 21
83 26
83 34
83 35
83 57
83 58
83 62
83 64
83 82
83 85
83 92
83 95
83 97
83 101
83 103
83 109
83 113
83 115
83 124
83 129
83 131
83 134
83 142
83 143
83 151
83 152
83 155
83 159
83 169
83 172
83 193
83 195
83 196
83 199
84 5
84 15
84 18
84 21
84 24
84 27
84 30
84 34
84 37
84 42
84 45
84 48
84 53
84 55
84 59
84 61
84 70
84 73
84 82
84 84
84 86
84 87
84 88
84 89
84 94
84 98
84 99
84 104
84 111
84 120
84 122
84 130
84 143
84 152
84 153
84 155
84 156
84 157
84 158
84 162
84 165
84 171
84 179
84 181
84 183
84 186
84 188
84 190
84 192
84 194
84 196
85 6
85 14
85 15
85 19
85 21
85 35
85 36
85 37
85 43
85 68
85 70
85 74
85 76
85 78
85 88
85 89
85 93
85 97
85 105
85 115
85 118
85 122
85 126
85 128
85 130
85 131
85 132
85 137
85 138
85 140
85 141
85 144
85 145
85 148
85 150
85 154
85 155
85 156
85 158
85 160
85 171
85 174
85 178
85 180
85 182
85 186
85 187
85 191
85 194
86 1
86 2
86 4
86 5
86 19
86 20
86 27
86 35
86 36
86 38
86 39
86 47
86 48
86 52
86 53
86 56
86 60
86 69
86 78
86 79
86 80
86 87
86 91
86 96
86 102
86 109
86 110
86 113
86 118
86 120
86 122
86 123
86 126
86 140
86 141
86 142
86 144
86 146
86 151
86 152
86 166
86 169
86 171
86 172
86 173
86 174
86 175
86 182
86 187
86 188
86 191
86 193
86 196
86 197
87 1
87 3
87 4
87 5
87 11
87 17
87 20
87 25
87 26
87 27
87 28
87 30
87 31
87 32
87 33
87 37
87 47
87 53
87 56
87 60
87 61
87 65
87 68
87 69
87 74
87 86
87 87
87 98
87 103
87 109
87 117
87 118
87 120
87 129
87 136
87 140
87 141
87 142
87 144
87 146
87 147
87 151
87 152
87 159
87 162
87 166
87 176
87 177
87 183
87 185
87 187
87 188
87 190
87 193
88 1
88 2
88 9
88 14
88 15
88 27
88 29
88 31
88 32
88 33
88 39
88 47
88 49
88 54
88 58
88 69
88 70
88 74
88 83
88 84
88 87
88 88
88 90
88 93
88 95
88 101
88 110
88 112
88 113
88 114
88 117
88 119
88 127
88 131
88 133
88 144
88 153
88 157
88 169
88 171
88 176
88 180
88 181
88 182
88 189
88 192
88 193
88 195
89 5
89 7
89 8
89 19
89 24
89 28
89 30
89 34
89 37
89 47
89 49
89 55
89 56
89 60
89 62
89 64
89 65
89 67
89 69
89 75
89 83
89 85
89 86
89 88
89 93
89 94
89 95
89 96
89 101
89 103
89 105
89 108
89 110
89 120
89 125
89 130
89 135
89 138
89 139
89 169
89 173
89 174
89 178
89 180
89 183
89 187
89 197
90 0
90 1
90 3
90 7
90 9
90 10
90 11
90 12
90 19
90 25
90 28
90 30
90 36
90 41
90 42
90 50
90 57
90 61
90 67
90 70
90 73
90 75
90 76
90 79
90 82
90 83
90 89
90 94
90 96
90 99
90 103
90 105
90 116
90 118
90 119
90 120
90 122
90 127
90 131
90 132
90 134
90 135
90 136
90 138
90 139
90 148
90 149
90 167
90 173
90 176
90 180
90 193
90 196
91 3
91 12
91 14
91 15
91 20
91 22
91 27
91 29
91 35
91 38
91 41
91 45
91 48
91 49
91 53
91 56
91 57
91 59
91 70
91 75
91 83
91 84
91 93
91 101
91 106
91 108
91 109
91 116
91 123
91 126
91 141
91 142
91 143
91 144
91 145
91 159
91 160
91 163
91 164
91 167
91 170
91 171
91 173
91 179
91 188
91 195
91 197
92 2
92 7
92 8
92 9
92 12
92 16
92 25
92 26
92 27
92 34
92 39
92 41
92 44
92 51
92 53
92 54
92 56
92 57
92 59
92 60
92 62
92 65
92 67
92 69
92 71
92 74
92 75
92 77
92 80
92 82
92 92
92 95
92 99
92 101
92 102
92 104
92 105
92 106
92 108
92 110
92 125
92 131
92 133
92 138
92 139
92 141
92 142
92 151
92 152
92 156
92 157
92 162
92 171
92 173
92 175
92 176
92 189
92 195
92 198
93 0
93 3
93 4
93 5
93 6
93 10
93 15
93 18
93 25
93 32
93 35
93 39
93 42
93 46
93 49
93 50
93 53
93 59
93 67
93 71
93 76
93 79
93 81
93 83
93 84
93 97
93 98
93 102
93 103
93 105
93 106
93 108
93 109
93 112
93 116
93 122
93 124
93 147
93 151
93 152
93 155
93 158
93 160
93 165
93 166
93 168
93 173
93 176
93 177
93 183
93 186
93 193
93 194
93 198
93 199
94 9
94 13
94 16
94 20
94 23
94 27
94 28
94 29
94 32
94 41
94 42
94 44
94 50
94 55
94 56
94 57
94 59
94 61
94 67
94 68
94 69
94 73
94 74
94 75
94 88
94 90
94 91
94 92
94 96
94 99
94 101
94 113
94 118
94 119
94 124
94 126
94 130
94 131
94 139
94 140
94 143
94 148
94 151
94 152
94 158
94 159
94 160
94 162
94 169
94 170
94 171
94 184
94 185
94 187
94 196
94 198
95 0
95 1
95 2
95 3
95 10
95 11
95 13
95 17
95 18
95 20
95 30
95 47
95 48
95 49
95 50
95 52
95 57
95 61
95 63
95 65
95 66
95 70
95 72
95 74
95 81
95 82
95 83
95 84
95 87
95 88
95 97
95 106
95 112
95 116
95 142
95 144
95 146
95 150
95 151
95 153
95 158
95 160
95 167
95 168
95 169
95 170
95 174
95 178
95 180
95 192
95 193
95 196
95 198
96 0
96 3
96 5
96 8
96 11
96 12
96 13
96 15
96 20
96 22
96 23
96 24
96 26
96 27
96 28
96 30
96 34
96 39
96 41
96 44
96 47
96 54
96 55
96 60
96 64
96 65
96 66
96 67
96 69
96 76
96 78
96 83
96 90
96 94
96 96
96 100
96 104
96 117
96 121
96 130
96 134
96 138
96 143
96 146
96 149
96 154
96 159
96 160
96 165
96 172
96 183
96 192
96 197
96 198
97 3
97 16
97 28
97 39
97 40
97 41
97 43
97 48
97 51
97 55
97 61
97 62
97 65
97 70
97 79
97 84
97 88
97 89
97 90
97 92
97 97
97 102
97 104
97 105
97 106
97 108
97 109
97 110
97 114
97 121
97 122
97 127
97 131
97 135
97 137
97 140
97 142
97 151
97 159
97 162
97 166
97 167
97 169
97 171
97 174
97 184
98 4
98 6
98 15
98 19
98 20
98 21
98 24
98 26
98 28
98 31
98 35
98 38
98 46
98 52
98 56
98 60
98 61
98 64
98 66
98 71
98 75
98 80
98 82
98 83
98 85
98 87
98 95
98 97
98 110
98 113
98 121
98 122
98 123
98 131
98 132
98 140
98 142
98 143
98 147
98 149
98 154
98 160
98 161
98 165
98 168
98 175
98 183
98 190
98 193
98 194
98 196
98 197
98 199
99 0
99 1
99 4
99 9
99 12
99 14
99 15
99 22
99 23
99 24
99 29
99 39
99 40
99 45
99 46
99 47
99 52
99 54
99 60
99 63
99 89
99 90
99 91
99 95
99 103
99 109
99 118
99 119
99 120
99 121
99 123
99 133
99 135
99 138
99 139
99 142
99 148
99 149
99 151
99 159
99 165
99 166
99 167
99 168
99 181
99 185
99 189
99 190
99 191
99 196
100 0
100 1
100 2
100 14
100 34
100 37
100 40
100 48
100 53
100 59
100 61
100 62
100 64
100 66
100 68
100 69
100 72
100 81
100 86
100 87
100 88
100 91
100 92
100 93
100 101
100 105
100 107
100 108
100 109
100 111
100 112
100 114
100 121
100 122
100 126
100 130
100 131
100 133
100 134
100 136
100 138
100 147
100 148
100 150
100 151
100 158
100 159
100 160
100 161
100 168
100 169
100 173
100 175
100 183
100 186
100 189
100 199
101 2
101 21
101 22
101 25
101 27
101 34
101 35
101 37
101 41
101 42
101 46
101 49
101 54
101 56
101 65
101 66
101 68
101 76
101 77
101 78
101 84
101 102
101 105
101 110
101 112
101 113
101 118
101 124
101 126
101 127
101 128
101 132
101 136
101 138
101 140
101 144
101 151
101 152
101 153
101 154
101 155
101 159
101 160
101 162
101 166
101 168
101 170
101 171
101 175
101 182
101 185
101 187
101 194
101 199
102 12
102 15
102 17
102 19
102 20
102 29
102 31
102 35
102 46
102 47
102 55
102 62
102 63
102 64
102 65
102 71
102 73
102 80
102 81
102 86
102 88
102 92
102 97
102 101
102 103
102 105
102 106
102 110
102 112
102 134
102 135
102 139
102 148
102 149
102 154
102 161
102 165
102 169
102 170
102 172
102 186
102 197
103 6
103 12
103 20
103 24
103 34
103 36
103 39
103 40
103 42
103 43
103 44
103 45
103 48
103 50
103 54
103 61
103 66
103 69
103 71
103 79
103 80
103 82
103 91
103 94
103 95
103 97
103 102
103 108
103 109
103 117
103 121
103 125
103 126
103 129
103 132
103 133
103 138
103 141
103 144
103 147
103 150
103 152
103 155
103 161
103 164
103 171
103 173
103 177
103 178
103 179
103 180
103 181
103 183
103 185
103 186
103 187
103 188
103 194
103 196
103 197
104 3
104 4
104 5
104 10
104 16
104 19
104 21
104 23
104 30
104 33
104 37
104 39
104 43
104 55
104 57
104 62
104 67
104 68
104 70
104 75
104 83
104 87
104 91
104 95
104 97
104 101
104 106
104 107
104 111
104 114
104 115
104 116
104 120
104 126
104 127
104 128
104 132
104 133
104 137
104 143
104 144
104 150
104 151
104 153
104 164
104 165
104 170
104 171
104 174
104 180
104 181
104 184
104 186
104 190
104 194
104 195
105 24
105 29
105 39
105 45
105 46
105 49
105 52
105 58
105 60
105 61
105 62
105 64
105 67
105 71
105 80
105 82
105 83
105 85
105 88
105 91
105 95
105 98
105 100
105 103
105 106
105 117
105 119
105 121
105 123
105 132
105 148
105 150
105 156
105 157
105 158
105 186
105 189
106 0
106 6
106 10
106 13
106 18
106 20
106 22
106 25
106 31
106 32
106 33
106 41
106 47
106 51
106 52
106 53
106 56
106 57
106 61
106 64
106 68
106 72
106 73
106 77
106 85
106 86
106 88
106 89
106 92
106 95
106 98
106 99
106 100
106 101
106 105
106 110
106 120
106 121
106 123
106 129
106 136
106 139
106 140
106 146
106 151
106 154
106 157
106 160
106 164
106 165
106 171
106 173
106 185
106 186
106 196
107 0
107 2
107 5
107 8
107 9
107 17
107 18
107 23
107 25
107 27
107 29
107 32
107 38
107 46
107 47
107 51
107 53
107 54
107 63
107 67
107 69
107 71
107 78
107 80
107 84
107 87
107 91
107 98
107 99
107 106
107 108
107 118
107 124
107 130
107 135
107 136
107 138
107 145
107 160
107 162
107 164
107 167
107 170
107 174
107 176
107 178
107 189
107 191
108 0
108 2
108 12
108 20
108 21
108 35
108 37
108 39
108 50
108 55
108 56
108 63
108 65
108 73
108 80
108 85
108 86
108 88
108 91
108 104
108 108
108 111
108 116
108 117
108 118
108 127
108 129
108 130
108 131
108 134
108 139
108 140
108 143
108 146
108 148
108 151
108 152
108 154
108 157
108 161
108 165
108 167
108 169
108 172
108 173
108 177
108 180
108 193
108 194
108 196
109 3
109 14
109 17
109 19
109 21
109 22
109 24
109 26
109 29
109 31
109 37
109 38
109 40
109 42
109 48
109 52
109 58
109 65
109 66
109 67
109 73
109 74
109 83
109 85
109 86
109 90
109 97
109 100
109 101
109 102
109 107
109 112
109 129
109 130
109 131
109 132
109 134
109 143
109 146
109 153
109 160
109 164
109 166
109 168
109 170
109 171
109 173
109 177
109 181
109 182
109 184
109 188
109 190
109 192
109 195
110 2
110 4
110 5
110 6
110 10
110 14
110 15
110 20
110 25
110 30
110 31
110 32
110 35
110 39
110 47
110 51
110 57
110 58
110 64
110 66
110 73
110 75
110 78
110 79
110 80
110 81
110 82
110 85
110 89
110 93
110 96
110 99
110 102
110 110
110 111
110 116
110 120
110 124
110 125
110 131
110 135
110 140
110 141
110 145
110 148
110 154
110 157
110 164
110 168
110 170
110 173
110 178
110 181
110 184
110 185
110 187
110 193
110 197
111 8
111 11
111 12
111 20
111 29
111 32
111 34
111 38
111 53
111 58
111 70
111 73
111 74
111 90
111 92
111 93
111 98
111 101
111 109
111 117
111 118
111 121
111 131
111 137
111 140
111 144
111 147
111 157
111 158
111 170
111 172
111 177
111 179
111 182
111 187
111 193
111 195
111 197
111 198
111 199
112 0
112 5
112 12
112 13
112 27
112 30
112 31
112 32
112 33
112 40
112 46
112 47
112 55
112 71
112 73
112 76
112 78
112 81
112 90
112 95
112 96
112 100
112 107
112 109
112 110
112 113
112 115
112 121
112 122
112 130
112 134
112 135
112 142
112 145
112 146
112 147
112 153
112 155
112 157
112 161
112 172
112 178
112 181
112 184
112 196
113 0
113 2
113 3
113 6
113 9
113 10
113 11
113 20
113 22
113 24
113 27
113 28
113 38
113 43
113 45
113 49
113 52
113 54
113 55
113 59
113 60
113 64
113 67
113 68
113 70
113 71
113 72
113 73
113 80
113 81
113 87
113 90
113 91
113 92
113 99
113 105
113 109
113 111
113 114
113 116
113 117
113 119
113 124
113 125
113 127
113 130
113 132
113 133
113 134
113 136
113 138
113 145
113 146
113 148
113 149
113 151
113 152
113 159
113 160
113 161
113 162
113 168
113 175
113 178
113 185
113 192
113 196
114 6
114 9
114 16
114 18
114 19
114 23
114 32
114 33
114 34
114 36
114 38
114 46
114 60
114 62
114 68
114 70
114 72
114 74
114 75
114 77
114 79
114 80
114 87
114 92
114 96
114 99
114 102
114 105
114 106
114 107
114 109
114 110
114 114
114 116
114 117
114 120
114 121
114 130
114 133
114 135
114 138
114 144
114 146
114 148
114 149
114 153
114 159
114 160
114 161
114 162
114 167
114 180
114 181
114 183
114 184
114 185
114 186
114 188
114 190
114 197
115 3
115 4
115 10
115 11
115 18
115 19
115 21
115 23
115 27
115 28
115 31
115 35
115 38
115 41
115 42
115 45
115 48
115 54
115 56
115 68
115 69
115 71
115 73
115 75
115 78
115 80
115 86
115 96
115 101
115 103
115 109
115 116
115 117
115 127
115 130
115 131
115 132
115 133
115 134
115 137
115 139
115 140
115 144
115 147
115 158
115 162
115 174
115 175
115 181
115 182
115 191
115 192
115 195
115 198
116 0
116 11
116 26
116 27
116 35
116 51
116 55
116 56
116 59
116 61
116 63
116 69
116 70
116 71
116 72
116 74
116 85
116 89
116 90
116 95
116 103
116 105
116 107
116 109
116 115
116 120
116 121
116 125
116 128
116 129
116 134
116 139
116 140
116 142
116 143
116 148
116 149
116 150
116 155
116 160
116 161
116 164
116 167
116 172
116 173
116 187
116 195
116 199
117 0
117 3
117 6
117 12
117 13
117 14
117 23
117 26
117 30
117 36
117 40
117 47
117 50
117 58
117 64
117 90
117 94
117 95
117 98
117 101
117 103
117 105
117 116
117 121
117 124
117 127
117 128
117 130
117 132
117 134
117 138
117 148
117 151
117 155
117 160
117 175
117 180
117 184
117 192
117 193
117 196
118 6
118 14
118 16
118 18
118 21
118 26
118 31
118 33
118 34
118 41
118 45
118 46
118 56
118 59
118 69
118 73
118 74
118 78
118 79
118 82
118 97
118 98
118 102
118 103
118 104
118 112
118 115
118 118
118 134
118 142
118 143
118 150
118 159
118 162
118 165
118 169
118 172
118 173
118 175
118 176
118 179
118 184
118 188
118 196
119 0
119 2
119 6
119 16
119 17
119 18
119 19
119 20
119 21
119 24
119 25
119 26
119 28
119 31
119 37
119 42
119 48
119 53
119 54
119 56
119 65
119 69
119 70
119 72
119 82
119 84
119 89
119 92
119 93
119 96
119 100
119 104
119 106
119 107
119 122
119 126
119 133
119 135
119 137
119 140
119 143
119 145
119 147
119 150
119 153
119 158
119 160
119 162
119 165
119 168
119 174
119 178
119 180
119 181
119 185
119 187
119 188
119 192
119 198
120 1
120 3
120 6
120 9
120 11
120 14
120 16
120 19
120 20
120 22
120 23
120 27
120 28
120 37
120 39
120 42
120 43
120 49
120 56
120 58
120 60
120 71
120 74
120 80
120 82
120 83
120 88
120 90
120 92
120 94
120 104
120 106
120 107
120 109
120 110
120 114
120 122
120 131
120 134
120 135
120 138
120 142
120 143
120 156
120 160
120 161
120 162
120 163
120 164
120 167
120 177
120 184
120 189
120 190
121 0
121 1
121 12
121 18
121 23
121 36
121 37
121 39
121 42
121 43
121 45
121 54
121 60
121 62
121 63
121 68
121 70
121 112
121 114
121 119
121 121
121 122
121 128
121 132
121 133
121 137
121 147
121 150
121 155
121 156
121 158
121 162
121 163
121 176
121 180
121 183
121 186
121 189
121 193
121 199
122 0
122 5
122 17
122 22
122 26
122 29
122 32
122 33
122 36
122 37
122 39
122 40
122 41
122 43
122 47
122 51
122 54
122 66
122 71
122 74
122 79
122 81
122 93
122 98
122 103
122 104
122 109
122 110
122 111
122 113
122 117
122 119
122 121
122 124
122 127
122 130
122 136
122 137
122 138
122 141
122 145
122 149
122 150
122 152
122 153
122 160
122 163
122 167
122 173
122 177
122 185
122 187
122 188
122 197
122 199
123 3
123 5
123 9
123 14
123 15
123 16
123 19
123 21
123 24
123 26
123 28
123 29
123 40
123 41
123 45
123 46
123 68
123 70
123 78
123 81
123 92
123 99
123 107
123 110
123 112
123 113
123 116
123 122
123 123
123 127
123 128
123 132
123 133
123 135
123 137
123 151
123 153
123 155
123 161
123 163
123 167
123 176
123 179
123 181
123 182
123 184
123 195
123 198
124 0
124 4
124 9
124 13
124 28
124 34
124 38
124 40
124 43
124 45
124 46
124 48
124 53
124 56
124 68
124 73
124 74
124 75
124 77
124 78
124 82
124 84
124 89
124 101
124 102
124 106
124 108
124 121
124 126
124 127
124 138
124 142
124 149
124 162
124 163
124 165
124 170
124 171
124 174
124 177
124 178
124 187
124 193
124 197
124 199
125 0
125 1
125 5
125 10
125 15
125 20
125 21
125 23
125 26
125 28
125 34
125 36
125 37
125 39
125 42
125 43
125 45
125 50
125 54
125 63
125 65
125 67
125 71
125 72
125 73
125 81
125 87
125 96
125 102
125 103
125 105
125 109
125 113
125 115
125 116
125 117
125 118
125 124
125 128
125 130
125 133
125 139
125 140
125 141
125 146
125 153
125 166
125 167
125 168
125 170
125 171
125 173
125 180
125 194
125 195
125 198
126 5
126 8
126 9
126 12
126 17
126 24
126 26
126 28
126 34
126 36
126 37
126 38
126 41
126 42
126 44
126 46
126 47
126 50
126 53
126 58
126 61
126 62
126 71
126 77
126 78
126 82
126 83
126 85
126 93
126 94
126 95
126 96
126 100
126 102
126 103
126 104
126 109
126 112
126 115
126 118
126 119
126 122
126 124
126 125
126 127
126 143
126 145
126 150
126 151
126 160
126 165
126 174
126 179
126 185
126 191
126 192
126 193
126 195
126 198
126 199
127 10
127 14
127 27
127 33
127 35
127 45
127 49
127 54
127 56
127 62
127 64
127 68
127 72
127 77
127 83
127 86
127 87
127 93
127 106
127 107
127 116
127 117
127 122
127 125
127 126
127 128
127 138
127 140
127 141
127 146
127 149
127 157
127 158
127 160
127 162
127 165
127 168
127 169
127 172
127 174
127 175
127 179
127 183
127 185
127 186
127 188
127 196
127 198
128 2
128 9
128 10
128 11
128 16
128 17
128 18
128 21
128 28
128 31
128 32
128 40
128 44
128 46
128 47
128 57
128 58
128 59
128 63
128 65
128 70
128 71
128 73
128 74
128 80
128 84
128 87
128 90
128 96
128 99
128 114
128 116
128 120
128 124
128 127
128 134
128 135
128 139
128 141
128 145
128 147
128 148
128 149
128 159
128 162
128 166
128 172
128 173
128 175
128 178
128 185
128 195
128 197
128 198
128 199
129 0
129 5
129 10
129 13
129 19
129 22
129 26
129 34
129 35
129 41
129 42
129 48
129 54
129 58
129 59
129 62
129 65
129 70
129 71
129 72
129 78
129 80
129 82
129 84
129 86
129 90
129 94
129 97
129 108
129 124
129 125
129 126
129 128
129 131
129 136
129 139
129 141
129 144
129 148
129 162
129 163
129 165
129 170
129 173
129 178
129 179
129 196
129 197
129 198
130 1
130 4
130 8
130 10
130 19
130 20
130 34
130 36
130 38
130 40
130 41
130 43
130 51
130 59
130 60
130 64
130 65
130 66
130 67
130 68
130 69
130 72
130 75
130 76
130 77
130 80
130 81
130 83
130 89
130 92
130 95
130 102
130 103
130 104
130 114
130 120
130 122
130 123
130 125
130 128
130 129
130 138
130 139
130 141
130 145
130 146
130 147
130 148
130 153
130 164
130 170
130 171
130 172
130 176
130 179
130 191
130 192
131 9
131 13
131 14
131 16
131 19
131 24
131 28
131 29
131 32
131 37
131 50
131 52
131 53
131 59
131 69
131 70
131 74
131 76
131 83
131 84
131 87
131 88
131 89
131 101
131 102
131 104
131 105
131 113
131 116
131 122
131 129
131 135
131 140
131 141
131 145
131 147
131 149
131 150
131 165
131 169
131 170
131 171
131 176
131 184
131 186
131 190
131 194
131 197
132 1
132 11
132 16
132 28
132 31
132 35
132 38
132 41
132 42
132 59
132 63
132 65
132 79
132 84
132 89
132 94
132 98
132 101
132 104
132 106
132 111
132 115
132 118
132 129
132 139
132 143
132 145
132 149
132 151
132 153
132 163
132 168
132 169
132 177
132 182
132 183
132 189
132 191
133 6
133 11
133 13
133 14
133 17
133 18
133 21
133 22
133 23
133 29
133 33
133 34
133 37
133 40
133 49
133 56
133 62
133 66
133 69
133 73
133 78
133 85
133 92
133 93
133 104
133 106
133 112
133 113
133 114
133 117
133 124
133 127
133 135
133 149
133 155
133 157
133 159
133 160
133 162
133 165
133 170
133 174
133 175
133 176
133 183
133 185
133 187
133 188
133 193
133 194
133 199
134 5
134 7
134 13
134 18
134 22
134 26
134 27
134 42
134 43
134 44
134 47
134 50
134 57
134 64
134 66
134 80
134 88
134 101
134 108
134 109
134 114
134 124
134 129
134 133
134 134
134 136
134 137
134 139
134 140
134 145
134 147
134 149
134 151
134 152
134 153
134 157
134 160
134 162
134 163
134 169
134 171
134 175
134 176
134 177
134 181
134 185
134 187
134 191
134 194
134 197
135 0
135 4
135 8
135 9
135 11
135 18
135 19
135 22
135 26
135 33
135 34
135 46
135 48
135 53
135 56
135 58
135 60
135 61
135 63
135 68
135 73
135 74
135 75
135 77
135 79
135 84
135 97
135 98
135 105
135 112
135 114
135 116
135 119
135 127
135 132
135 135
135 136
135 138
135 141
135 153
135 157
135 161
135 163
135 165
135 169
135 174
135 176
135 185
135 199
136 3
136 5
136 9
136 10
136 14
136 17
136 18
136 19
136 21
136 22
136 23
136 25
136 27
136 34
136 51
136 55
136 56
136 58
136 62
136 63
136 71
136 76
136 77
136 79
136 80
136 87
136 91
136 94
136 95
136 99
136 101
136 106
136 107
136 110
136 125
136 128
136 129
136 131
136 133
136 136
136 142
136 144
136 150
136 158
136 159
136 167
136 168
136 169
136 173
136 174
136 181
136 185
136 186
136 191
136 194
136 195
136 196
136 197
137 5
137 7
137 9
137 12
137 21
137 22
137 23
137 25
137 33
137 34
137 49
137 54
137 55
137 56
137 60
137 62
137 66
137 68
137 70
137 72
137 76
137 82
137 90
137 101
137 102
137 110
137 114
137 115
137 119
137 126
137 129
137 132
137 136
137 138
137 139
137 140
137 150
137 159
137 161
137 163
137 165
137 167
137 169
137 170
137 171
137 172
137 176
137 177
137 179
137 180
137 183
137 188
137 191
137 193
137 198
138 0
138 8
138 11
138 14
138 28
138 43
138 46
138 53
138 59
138 61
138 64
138 71
138 72
138 73
138 76
138 84
138 85
138 86
138 87
138 98
138 115
138 125
138 126
138 135
138 139
138 141
138 145
138 148
138 156
138 158
138 160
138 163
138 166
138 171
138 179
138 187
138 191
139 3
139 5
139 6
139 7
139 8
139 12
139 13
139 17
139 22
139 23
139 32
139 34
139 35
139 36
139 39
139 50
139 56
139 59
139 60
139 61
139 75
139 81
139 91
139 100
139 101
139 103
139 104
139 110
139 112
139 127
139 128
139 132
139 142
139 145
139 147
139 156
139 161
139 171
139 176
139 185
139 194
139 197
139 199
140 1
140 9
140 11
140 22
140 40
140 42
140 43
140 46
140 49
140 51
140 52
140 53
140 56
140 65
140 69
140 78
140 93
140 97
140 102
140 106
140 127
140 130
140 134
140 136
140 139
140 148
140 150
140 161
140 173
140 174
140 176
140 177
140 179
140 184
140 187
140 188
140 193
141 0
141 1
141 2
141 4
141 9
141 12
141 13
141 17
141 20
141 33
141 38
141 41
141 42
141 44
141 46
141 48
141 54
141 55
141 56
141 57
141 61
141 93
141 97
141 98
141 99
141 103
141 105
141 106
141 109
141 111
141 113
141 128
141 130
141 131
141 134
141 144
141 152
141 154
141 155
141 159
141 164
141 178
141 179
141 193
141 194
141 197
142 2
142 5
142 11
142 22
142 23
142 31
142 35
142 40
142 55
142 66
142 67
142 68
142 69
142 74
142 76
142 83
142 85
142 87
142 93
142 96
142 105
142 110
142 115
142 119
142 120
142 122
142 126
142 129
142 132
142 133
142 134
142 140
142 151
142 161
142 164
142 177
142 182
142 187
142 189
142 193
142 194
142 197
143 0
143 1
143 4
143 5
143 6
143 7
143 11
143 13
143 20
143 24
143 32
143 41
143 49
143 51
143 53
143 54
143 57
143 65
143 67
143 75
143 82
143 85
143 89
143 97
143 98
143 101
143 102
143 104
143 109
143 115
143 120
143 121
143 125
143 137
143 138
143 144
143 151
143 153
143 159
143 163
143 167
143 168
143 177
143 183
143 184
143 185
143 194
143 199
144 5
144 10
144 24
144 29
144 36
144 44
144 47
144 56
144 62
144 65
144 66
144 69
144 70
144 72
144 77
144 78
144 85
144 92
144 102
144 107
144 108
144 109
144 112
144 118
144 121
144 122
144 130
144 143
144 147
144 149
144 161
144 165
144 166
144 167
144 174
144 175
144 176
144 180
144 183
144 184
144 191
144 193
144 197
144 199
145 0
145 4
145 5
145 6
145 7
145 17
145 18
145 20
145 23
145 28
145 29
145 31
145 32
145 34
145 40
145 46
145 48
145 51
145 52
145 57
145 67
145 69
145 72
145 77
145 87
145 88
145 96
145 103
145 110
145 118
145 121
145 122
145 124
145 126
145 128
145 129
145 131
145 150
145 160
145 161
145 163
145 165
145 166
145 168
145 176
145 177
145 180
145 181
145 187
145 188
145 189
145 191
145 192
145 196
145 198
145 199
146 3
146 9
146 16
146 23
146 24
146 31
146 46
146 49
146 56
146 59
146 63
146 65
146 66
146 71
146 76
146 77
146 82
146 85
146 87
146 88
146 93
146 117
146 122
146 123
146 125
146 126
146 129
146 131
146 133
146 137
146 138
146 143
146 144
146 149
146 153
146 156
146 161
146 163
146 164
146 166
146 170
146 174
146 175
146 177
146 179
146 190
146 192
146 194
146 198
146 199
147 0
147 7
147 12
147 15
147 19
147 22
147 24
147 33
147 39
147 43
147 45
147 54
147 55
147 61
147 62
147 65
147 68
147 70
147 78
147 80
147 82
147 88
147 92
147 96
147 102
147 108
147 112
147 119
147 122
147 125
147 128
147 130
147 133
147 135
147 138
147 140
147 146
147 147
147 150
147 159
147 163
147 172
147 174
147 181
147 197
147 198
148 1
148 4
148 8
148 11
148 13
148 22
148 28
148 31
148 33
148 42
148 52
148 56
148 58
148 65
148 77
148 79
148 86
148 94
148 102
148 106
148 109
148 131
148 133
148 138
148 139
148 140
148 150
148 151
148 154
148 156
148 158
148 163
148 166
148 167
148 168
148 172
148 173
148 177
148 178
148 180
148 181
148 185
148 194
148 196
148 197
149 0
149 14
149 15
149 16
149 17
149 18
149 19
149 20
149 33
149 35
149 37
149 38
149 42
149 43
149 45
149 50
149 51
149 52
149 57
149 62
149 64
149 65
149 67
149 68
149 72
149 74
149 78
149 79
149 83
149 86
149 90
149 91
149 96
149 98
149 100
149 101
149 102
149 104
149 105
149 109
149 112
149 113
149 131
149 144
149 145
149 148
149 152
149 158
149 161
149 165
149 169
149 172
149 173
149 178
149 181
149 182
149 183
149 186
149 188
149 191
149 193
149 198
150 0
150 6
150 8
150 13
150 16
150 17
150 21
150 23
150 25
150 27
150 29
150 30
150 34
150 38
150 40
150 42
150 46
150 49
150 54
150 60
150 67
150 71
150 72
150 73
150 78
150 82
150 86
150 87
150 104
150 107
150 108
150 110
150 111
150 113
150 117
150 122
150 124
150 125
150 129
150 133
150 140
150 148
150 149
150 151
150 156
150 162
150 164
150 172
150 177
150 178
150 180
150 184
150 185
150 188
150 192
150 193
150 194
150 197
151 6
151 11
151 15
151 18
151 20
151 25
151 30
151 34
151 36
151 37
151 41
151 42
151 44
151 46
151 48
151 51
151 52
151 59
151 60
151 69
151 72
151 83
151 87
151 88
151 90
151 96
151 97
151 98
151 101
151 102
151 105
151 108
151 109
151 116
151 118
151 123
151 130
151 135
151 144
151 145
151 147
151 148
151 149
151 152
151 155
151 159
151 161
151 168
151 172
151 178
151 179
151 181
151 182
151 183
151 191
151 195
151 197
152 7
152 12
152 25
152 27
152 35
152 39
152 47
152 51
152 55
152 56
152 60
152 64
152 68
152 73
152 83
152 84
152 86
152 90
152 93
152 102
152 106
152 110
152 113
152 120
152 124
152 135
152 143
152 144
152 145
152 153
152 154
152 159
152 160
152 161
152 164
152 170
152 172
152 175
152 176
152 181
152 183
152 193
152 195
152 198
152 199
153 0
153 5
153 8
153 13
153 20
153 23
153 24
153 25
153 26
153 29
153 33
153 40
153 44
153 47
153 49
153 50
153 54
153 59
153 62
153 63
153 71
153 72
153 73
153 76
153 93
153 95
153 104
153 105
153 120
153 133
153 134
153 135
153 138
153 140
153 142
153 144
153 145
153 152
153 154
153 160
153 161
153 163
153 165
153 167
153 169
153 172
153 174
153 175
153 177
153 181
153 182
153 188
153 194
153 196
153 198
153 199
154 1
154 5
154 10
154 12
154 16
154 17
154 19
154 20
154 36
154 41
154 42
154 53
154 55
154 62
154 63
154 64
154 69
154 71
154 72
154 79
154 81
154 83
154 84
154 90
154 97
154 101
154 102
154 105
154 110
154 118
154 121
154 129
154 135
154 136
154 138
154 141
154 145
154 158
154 160
154 168
154 187
154 189
154 192
154 196
155 6
155 9
155 14
155 15
155 19
155 21
155 23
155 24
155 31
155 36
155 39
155 40
155 53
155 65
155 69
155 71
155 78
155 83
155 88
155 94
155 104
155 112
155 115
155 116
155 118
155 128
155 129
155 130
155 133
155 142
155 144
155 154
155 160
155 166
155 167
155 171
155 172
155 173
155 180
155 182
155 184
155 186
155 187
155 193
155 194
156 3
156 6
156 9
156 14
156 15
156 16
156 26
156 27
156 29
156 32
156 35
156 37
156 39
156 41
156 46
156 47
156 48
156 49
156 51
156 53
156 62
156 64
156 72
156 73
156 79
156 80
156 85
156 88
156 93
156 100
156 101
156 103
156 108
156 110
156 113
156 115
156 116
156 126
156 128
156 129
156 130
156 134
156 139
156 141
156 149
156 151
156 160
156 164
156 166
156 169
156 173
156 175
156 180
156 182
156 183
156 186
156 192
156 194
156 196
156 199
157 5
157 6
157 10
157 17
157 18
157 20
157 23
157 25
157 26
157 27
157 32
157 36
157 37
157 45
157 47
157 49
157 51
157 53
157 59
157 65
157 67
157 70
157 71
157 73
157 75
157 80
157 86
157 89
157 91
157 93
157 94
157 98
157 105
157 107
157 119
157 125
157 127
157 132
157 135
157 136
157 137
157 138
157 139
157 143
157 144
157 147
157 149
157 156
157 159
157 160
157 161
157 166
157 168
157 172
157 175
157 176
157 181
158 0
158 5
158 6
158 10
158 11
158 12
158 13
158 19
158 38
158 43
158 46
158 58
158 63
158 70
158 77
158 78
158 83
158 84
158 100
158 103
158 108
158 118
158 120
158 125
158 127
158 128
158 130
158 133
158 137
158 149
158 157
158 158
158 177
158 178
158 184
158 187
158 190
158 196
158 197
158 198
159 13
159 20
159 26
159 28
159 31
159 33
159 35
159 43
159 45
159 48
159 50
159 53
159 57
159 70
159 72
159 75
159 76
159 79
159 82
159 83
159 85
159 86
159 90
159 92
159 93
159 96
159 98
159 100
159 104
159 106
159 107
159 113
159 114
159 115
159 118
159 119
159 126
159 133
159 135
159 138
159 141
159 146
159 149
159 154
159 155
159 159
159 164
159 166
159 175
159 176
159 178
159 180
159 181
159 186
159 189
159 190
159 194
160 3
160 4
160 8
160 9
160 11
160 13
160 15
160 22
160 26
160 27
160 30
160 36
160 37
160 39
160 43
160 45
160 49
160 50
160 55
160 59
160 62
160 63
160 64
160 73
160 80
160 86
160 93
160 94
160 95
160 105
160 106
160 119
160 122
160 124
160 132
160 135
160 139
160 143
160 147
160 155
160 157
160 161
160 165
160 170
160 174
160 180
160 181
160 183
160 187
160 188
160 197
161 0
161 2
161 5
161 9
161 10
161 11
161 16
161 18
161 25
161 26
161 28
161 32
161 36
161 37
161 41
161 42
161 44
161 50
161 52
161 53
161 62
161 68
161 71
161 81
161 82
161 87
161 91
161 98
161 101
161 109
161 113
161 117
161 118
161 129
161 137
161 138
161 140
161 141
161 146
161 150
161 157
161 158
161 163
161 166
161 171
161 173
161 174
161 180
161 182
161 183
161 186
161 189
161 190
161 192
161 194
161 195
161 198
161 199
162 4
162 9
162 13
162 17
162 24
162 25
162 26
162 28
162 36
162 39
162 41
162 47
162 50
162 54
162 55
162 58
162 60
162 62
162 64
162 66
162 74
162 79
162 87
162 88
162 89
162 110
162 116
162 123
162 125
162 130
162 133
162 136
162 140
162 145
162 146
162 149
162 151
162 158
162 161
162 167
162 168
162 171
162 173
162 176
162 177
162 179
162 181
162 185
162 191
162 192
162 194
162 195
163 1
163 3
163 11
163 15
163 20
163 24
163 34
163 39
163 43
163 44
163 50
163 59
163 65
163 68
163 72
163 79
163 80
163 84
163 87
163 88
163 93
163 94
163 96
163 97
163 101
163 102
163 105
163 118
163 134
163 136
163 137
163 140
163 147
163 149
163 162
163 166
163 168
163 170
163 177
163 178
163 189
163 191
163 193
163 194
164 10
164 15
164 18
164 19
164 20
164 25
164 27
164 37
164 38
164 40
164 42
164 44
164 45
164 57
164 69
164 72
164 73
164 74
164 77
164 79
164 80
164 98
164 99
164 106
164 110
164 119
164 123
164 124
164 125
164 127
164 133
164 142
164 144
164 146
164 153
164 163
164 164
164 166
164 167
164 169
164 176
164 185
164 186
164 187
164 191
164 192
164 193
164 198
165 2
165 4
165 5
165 8
165 12
165 13
165 21
165 24
165 26
165 28
165 32
165 37
165 38
165 43
165 47
165 49
165 50
165 51
165 54
165 57
165 63
165 64
165 68
165 76
165 78
165 79
165 81
165 84
165 85
165 89
165 92
165 94
165 99
165 100
165 101
165 104
165 106
165 108
165 115
165 117
165 119
165 123
165 126
165 130
165 132
165 137
165 160
165 162
165 166
165 167
165 172
165 180
165 182
165 183
165 184
165 185
165 190
165 192
165 195
165 198
166 3
166 7
166 9
166 16
166 18
166 19
166 20
166 23
166 26
166 32
166 35
166 37
166 38
166 39
166 40
166 42
166 44
166 59
166 66
166 74
166 75
166 78
166 86
166 90
166 91
166 94
166 97
166 108
166 109
166 118
166 133
166 137
166 139
166 142
166 147
166 150
166 152
166 160
166 170
166 172
166 173
166 186
166 190
166 198
167 1
167 2
167 3
167 4
167 5
167 8
167 13
167 15
167 20
167 21
167 25
167 30
167 31
167 32
167 34
167 35
167 40
167 43
167 45
167 46
167 51
167 57
167 67
167 75
167 82
167 86
167 90
167 93
167 102
167 111
167 122
167 124
167 125
167 139
167 141
167 144
167 146
167 148
167 150
167 152
167 156
167 158
167 161
167 163
167 165
167 166
167 170
167 171
167 172
167 173
167 176
167 179
167 184
167 189
167 192
167 194
168 2
168 11
168 33
168 40
168 51
168 61
168 62
168 63
168 64
168 67
168 71
168 90
168 94
168 95
168 99
168 100
168 102
168 105
168 106
168 108
168 114
168 117
168 124
168 130
168 134
168 137
168 140
168 143
168 146
168 147
168 148
168 151
168 167
168 173
168 175
168 178
168 179
168 180
168 183
168 187
168 191
168 194
169 6
169 10
169 12
169 28
169 33
169 43
169 49
169 62
169 64
169 68
169 73
169 74
169 76
169 79
169 85
169 91
169 94
169 95
169 97
169 98
169 101
169 109
169 116
169 122
169 126
169 134
169 140
169 145
169 148
169 150
169 168
169 174
169 180
169 186
169 188
169 191
170 0
170 8
170 18
170 20
170 24
170 25
170 31
170 32
170 36
170 37
170 40
170 41
170 43
170 45
170 47
170 50
170 51
170 53
170 54
170 65
170 73
170 79
170 81
170 82
170 86
170 90
170 93
170 98
170 100
170 102
170 116
170 119
170 128
170 130
170 131
170 133
170 138
170 140
170 150
170 157
170 171
170 172
170 179
170 187
170 189
170 194
171 0
171 10
171 16
171 19
171 21
171 23
171 24
171 27
171 34
171 36
171 40
171 48
171 49
171 60
171 63
171 75
171 93
171 94
171 95
171 102
171 106
171 112
171 118
171 123
171 125
171 131
171 133
171 134
171 141
171 143
171 144
171 147
171 151
171 152
171 155
171 162
171 165
171 166
171 169
171 179
171 181
171 182
171 183
171 195
172 2
172 4
172 11
172 13
172 18
172 19
172 21
172 22
172 24
172 26
172 28
172 33
172 35
172 44
172 51
172 53
172 54
172 55
172 56
172 59
172 60
172 64
172 65
172 69
172 72
172 75
172 79
172 80
172 81
172 82
172 83
172 85
172 98
172 102
172 110
172 115
172 122
172 125
172 126
172 138
172 140
172 141
172 143
172 146
172 154
172 155
172 165
172 167
172 172
172 179
172 182
172 184
172 187
172 190
172 194
173 10
173 15
173 16
173 22
173 27
173 29
173 30
173 32
173 41
173 43
173 45
173 47
173 48
173 50
173 51
173 53
173 54
173 55
173 56
173 59
173 63
173 64
173 65
173 71
173 77
173 87
173 88
173 92
173 95
173 98
173 100
173 102
173 103
173 107
173 110
173 116
173 118
173 129
173 134
173 136
173 139
173 141
173 150
173 151
173 154
173 157
173 159
173 161
173 166
173 172
173 183
173 184
173 185
173 195
173 196
174 9
174 11
174 17
174 18
174 23
174 24
174 27
174 33
174 37
174 38
174 54
174 57
174 60
174 61
174 65
174 71
174 78
174 81
174 83
174 86
174 90
174 102
174 104
174 106
174 107
174 112
174 126
174 128
174 129
174 132
174 141
174 143
174 144
174 146
174 149
174 150
174 152
174 153
174 156
174 159
174 162
174 163
174 166
174 168
174 171
174 177
174 185
174 188
174 192
174 194
174 197
175 2
175 6
175 7
175 9
175 10
175 11
175 20
175 27
175 35
175 39
175 46
175 50
175 54
175 56
175 59
175 61
175 63
175 64
175 65
175 70
175 71
175 72
175 73
175 77
175 82
175 84
175 87
175 91
175 94
175 98
175 100
175 104
175 107
175 109
175 112
175 127
175 132
175 133
175 135
175 140
175 149
175 157
175 160
175 164
175 166
175 167
175 173
175 174
175 176
175 177
175 180
175 191
175 195
175 196
175 197
176 6
176 9
176 10
176 11
176 12
176 18
176 19
176 24
176 26
176 32
176 35
176 36
176 37
176 39
176 44
176 48
176 56
176 58
176 65
176 73
176 82
176 84
176 87
176 89
176 93
176 100
176 102
176 116
176 119
176 121
176 125
176 138
176 142
176 144
176 150
176 156
176 158
176 164
176 167
176 170
176 172
176 175
176 176
176 182
176 183
176 189
176 193
177 0
177 2
177 12
177 15
177 16
177 25
177 35
177 36
177 46
177 48
177 51
177 57
177 60
177 61
177 62
177 63
177 78
177 87
177 89
177 91
177 94
177 109
177 114
177 119
177 123
177 128
177 132
177 142
177 143
177 146
177 150
177 159
177 160
177 161
177 166
177 167
177 168
177 173
177 179
177 181
177 186
177 187
177 188
178 3
178 4
178 6
178 8
178 10
178 14
178 20
178 39
178 42
178 43
178 44
178 49
178 50
178 54
178 55
178 60
178 61
178 69
178 70
178 73
178 75
178 88
178 92
178 98
178 100
178 105
178 109
178 113
178 114
178 119
178 126
178 129
178 130
178 135
178 136
178 139
178 146
178 147
178 149
178 150
178 154
178 155
178 158
178 169
178 170
178 171
178 172
178 173
178 176
178 180
178 184
178 188
178 192
178 199
179 9
179 14
179 15
179 16
179 18
179 25
179 29
179 37
179 38
179 43
179 44
179 50
179 55
179 59
179 64
179 70
179 72
179 73
179 74
179 76
179 77
179 78
179 79
179 80
179 86
179 88
179 91
179 92
179 96
179 98
179 101
179 114
179 123
179 125
179 135
179 139
179 142
179 147
179 155
179 159
179 163
179 168
179 172
179 176
179 185
179 186
179 190
179 193
179 196
179 197
180 6
180 17
180 23
180 36
180 39
180 40
180 42
180 46
180 50
180 63
180 65
180 79
180 84
180 89
180 99
180 100
180 109
180 115
180 117
180 121
180 125
180 127
180 128
180 129
180 130
180 135
180 137
180 142
180 145
180 146
180 148
180 151
180 153
180 158
180 162
180 173
180 174
180 179
180 180
180 181
180 183
180 185
180 197
181 1
181 4
181 10
181 11
181 15
181 19
181 29
181 31
181 35
181 39
181 41
181 42
181 44
181 51
181 55
181 57
181 58
181 60
181 61
181 62
181 64
181 65
181 66
181 68
181 69
181 77
181 80
181 85
181 87
181 89
181 96
181 98
181 106
181 109
181 111
181 113
181 117
181 121
181 131
181 132
181 140
181 142
181 143
181 146
181 152
181 157
181 161
181 165
181 166
181 171
181 172
181 176
181 180
181 181
181 188
181 189
181 191
181 195
181 199
182 3
182 6
182 12
182 17
182 25
182 28
182 38
182 43
182 48
182 52
182 56
182 58
182 60
182 61
182 63
182 66
182 67
182 68
182 75
182 76
182 80
182 82
182 88
182 92
182 97
182 99
182 100
182 104
182 106
182 107
182 116
182 126
182 127
182 132
182 133
182 140
182 144
182 146
182 147
182 148
182 149
182 152
182 154
182 155
182 157
182 160
182 162
182 163
182 164
182 167
182 169
182 171
182 173
182 174
182 183
182 186
182 191
182 199
183 1
183 4
183 7
183 12
183 18
183 21
183 22
183 23
183 24
183 25
183 26
183 28
183 30
183 35
183 43
183 49
183 50
183 65
183 72
183 74
183 84
183 88
183 93
183 96
183 98
183 108
183 120
183 122
183 124
183 126
183 128
183 129
183 130
183 132
183 137
183 140
183 142
183 146
183 152
183 153
183 155
183 160
183 164
183 174
183 177
183 180
183 184
183 185
183 186
183 191
183 194
183 195
184 0
184 2
184 3
184 9
184 16
184 24
184 27
184 31
184 33
184 35
184 40
184 48
184 52
184 55
184 56
184 57
184 59
184 63
184 64
184 65
184 69
184 75
184 80
184 81
184 82
184 86
184 88
184 90
184 91
184 94
184 95
184 106
184 125
184 129
184 130
184 132
184 136
184 143
184 145
184 147
184 150
184 151
184 154
184 158
184 165
184 169
184 170
184 171
184 174
184 181
184 186
184 187
184 195
184 198
184 199
185 0
185 4
185 5
185 7
185 11
185 16
185 21
185 23
185 24
185 27
185 34
185 38
185 40
185 43
185 44
185 48
185 50
185 52
185 56
185 61
185 65
185 70
185 72
185 76
185 82
185 91
185 94
185 102
185 104
185 105
185 108
185 114
185 118
185 123
185 124
185 126
185 128
185 130
185 139
185 141
185 142
185 143
185 145
185 151
185 154
185 155
185 156
185 161
185 171
185 172
185 177
185 178
185 179
185 181
185 182
185 184
185 187
185 190
185 194
186 0
186 10
186 14
186 19
186 28
186 31
186 38
186 42
186 45
186 49
186 50
186 59
186 61
186 70
186 75
186 77
186 82
186 83
186 85
186 86
186 89
186 95
186 96
186 99
186 108
186 116
186 118
186 128
186 130
186 137
186 138
186 139
186 145
186 151
186 152
186 160
186 163
186 169
186 171
186 172
186 174
186 176
186 178
186 184
186 185
186 186
186 197
187 20
187 24
187 32
187 34
187 38
187 40
187 50
187 51
187 52
187 58
187 60
187 61
187 66
187 70
187 74
187 77
187 79
187 80
187 82
187 85
187 88
187 94
187 97
187 99
187 103
187 105
187 106
187 108
187 112
187 117
187 119
187 120
187 121
187 128
187 130
187 139
187 141
187 142
187 143
187 148
187 152
187 153
187 154
187 155
187 156
187 157
187 158
187 160
187 162
187 163
187 165
187 176
187 177
187 180
187 183
187 188
187 191
188 0
188 2
188 3
188 7
188 14
188 15
188 19
188 25
188 27
188 29
188 32
188 33
188 36
188 37
188 48
188 50
188 51
188 55
188 56
188 58
188 59
188 62
188 72
188 73
188 74
188 76
188 84
188 86
188 88
188 90
188 109
188 113
188 116
188 119
188 121
188 133
188 142
188 145
188 147
188 151
188 153
188 156
188 157
188 167
188 171
188 173
188 174
188 176
188 180
188 182
188 183
188 185
188 186
188 188
188 195
188 196
189 4
189 5
189 14
189 19
189 25
189 37
189 42
189 54
189 55
189 67
189 77
189 81
189 82
189 83
189 86
189 93
189 95
189 96
189 100
189 104
189 105
189 108
189 109
189 113
189 114
189 115
189 116
189 119
189 120
189 122
189 130
189 131
189 133
189 136
189 138
189 142
189 153
189 155
189 161
189 162
189 164
189 167
189 185
189 187
189 188
189 191
189 192
189 195
189 197
190 0
190 3
190 5
190 6
190 7
190 12
190 14
190 16
190 19
190 20
190 28
190 30
190 31
190 48
190 49
190 55
190 56
190 57
190 62
190 66
190 70
190 80
190 89
190 91
190 96
190 99
190 106
190 107
190 108
190 112
190 114
190 118
190 122
190 132
190 135
190 137
190 147
190 150
190 159
190 165
190 169
190 170
190 171
190 177
190 180
190 182
190 184
190 186
190 190
191 0
191 1
191 7
191 13
191 24
191 26
191 27
191 37
191 38
191 58
191 60
191 63
191 67
191 72
191 76
191 83
191 84
191 87
191 88
191 101
191 105
191 107
191 109
191 126
191 128
191 129
191 131
191 132
191 137
191 141
191 144
191 145
191 155
191 156
191 158
191 159
191 164
191 166
191 171
191 173
191 174
191 185
191 193
191 196
191 199
192 0
192 2
192 4
192 5
192 7
192 15
192 20
192 24
192 27
192 28
192 34
192 35
192 42
192 48
192 49
192 50
192 58
192 64
192 65
192 70
192 77
192 79
192 85
192 89
192 91
192 93
192 94
192 100
192 102
192 104
192 111
192 119
192 121
192 130
192 133
192 134
192 137
192 141
192 142
192 147
192 159
192 160
192 164
192 170
192 171
192 178
192 179
192 180
192 195
192 198
193 0
193 1
193 8
193 9
193 10
193 15
193 17
193 25
193 26
193 27
193 31
193 33
193 34
193 35
193 37
193 40
193 46
193 47
193 49
193 57
193 59
193 60
193 64
193 65
193 67
193 70
193 77
193 82
193 87
193 89
193 90
193 100
193 101
193 102
193 103
193 106
193 109
193 115
193 123
193 125
193 131
193 133
193 139
193 143
193 144
193 155
193 162
193 168
193 172
193 185
193 198
194 8
194 23
194 24
194 31
194 32
194 34
194 42
194 51
194 55
194 58
194 61
194 64
194 70
194 79
194 94
194 96
194 97
194 107
194 108
194 115
194 116
194 118
194 121
194 126
194 133
194 135
194 136
194 139
194 141
194 150
194 155
194 157
194 158
194 159
194 162
194 163
194 166
194 168
194 169
194 171
194 172
194 176
194 185
195 1
195 11
195 19
195 40
195 44
195 50
195 54
195 57
195 60
195 62
195 64
195 68
195 69
195 79
195 85
195 86
195 88
195 90
195 97
195 99
195 101
195 102
195 105
195 107
195 116
195 117
195 118
195 121
195 124
195 129
195 130
195 139
195 141
195 142
195 143
195 144
195 150
195 151
195 160
195 161
195 166
195 171
195 178
195 181
195 186
195 190
195 196
195 197
195 199
196 3
196 13
196 15
196 18
196 20
196 22
196 24
196 25
196 30
196 31
196 34
196 35
196 36
196 56
196 59
196 65
196 72
196 73
196 80
196 82
196 83
196 87
196 90
196 92
196 95
196 98
196 101
196 102
196 104
196 107
196 116
196 121
196 123
196 130
196 135
196 139
196 154
196 168
196 169
196 193
196 195
196 196
197 5
197 9
197 14
197 16
197 21
197 26
197 30
197 31
197 34
197 36
197 38
197 41
197 45
197 48
197 50
197 53
197 55
197 56
197 61
197 62
197 72
197 74
197 75
197 77
197 79
197 83
197 85
197 86
197 88
197 89
197 90
197 92
197 104
197 110
197 112
197 113
197 115
197 129
197 130
197 135
197 140
197 143
197 145
197 146
197 148
197 152
197 153
197 157
197 158
197 160
197 164
197 165
197 170
197 173
197 174
197 178
197 183
197 193
198 0
198 10
198 11
198 13
198 18
198 23
198 26
198 37
198 38
198 41
198 43
198 45
198 48
198 50
198 53
198 61
198 62
198 68
198 70
198 72
198 73
198 88
198 90
198 92
198 94
198 108
198 110
198 114
198 122
198 124
198 125
198 128
198 129
198 130
198 135
198 140
198 141
198 144
198 145
198 146
198 147
198 155
198 156
198 158
198 160
198 163
198 164
198 166
198 169
198 171
198 173
198 177
198 185
198 188
198 196
198 197
198 199
199 10
199 11
199 14
199 15
199 16
199 24
199 27
199 28
199 36
199 37
199 38
199 42
199 45
199 47
199 48
199 65
199 72
199 74
199 75
199 79
199 81
199 89
199 93
199 97
199 100
199 102
199 105
199 110
199 114
199 120
199 127
199 130
199 131
199 135
199 138
199 140
199 141
199 142
199 145
199 148
199 153
199 165
199 173
199 178
199 183
199 184
199 185
199 187
199 188
199 190
199 191
199 192
199 196
