10 10
1 
60
0 3
0 4
0 5
0 7
0 8
1 2
1 3
1 4
1 5
1 6
1 7
1 8
2 0
2 1
2 2
2 3
2 4
2 5
2 6
2 7
2 8
3 2
3 3
3 4
3 6
4 0
4 2
4 3
4 4
4 7
4 8
4 9
5 1
5 3
5 4
5 6
5 7
6 1
6 4
6 5
6 6
6 7
6 9
7 0
7 2
7 3
7 4
7 8
7 9
8 2
8 3
8 4
8 5
9 0
9 1
9 3
9 5
9 6
9 7
9 8
0 166
0 176
0 178
0 179
0 187
0 190
0 193
0 194
0 198
1 1
1 2
1 4
1 9
1 10
1 11
1 13
1 16
1 18
1 20
1 21
1 30
1 32
1 34
1 35
1 36
1 44
1 46
1 48
1 51
1 53
1 54
1 59
1 69
1 70
1 75
1 78
1 84
1 95
1 102
1 112
1 115
1 118
1 122
1 124
1 125
1 126
1 128
1 129
1 132
1 134
1 135
1 136
1 140
1 143
1 144
1 145
1 146
1 150
1 151
1 157
1 161
1 163
1 164
1 165
1 170
1 171
1 172
1 179
1 180
1 188
1 193
2 9
2 15
2 16
2 19
2 21
2 22
2 25
2 27
2 30
2 31
2 38
2 40
2 41
2 44
2 45
2 50
2 51
2 52
2 55
2 56
2 57
2 61
2 62
2 64
2 66
2 68
2 72
2 73
2 74
2 83
2 86
2 88
2 90
2 96
2 100
2 103
2 104
2 105
2 107
2 110
2 114
2 115
2 118
2 120
2 123
2 127
2 129
2 130
2 132
2 133
2 134
2 135
2 136
2 137
2 139
2 148
2 149
2 155
2 160
2 161
2 164
2 165
2 166
2 169
2 170
2 171
2 173
2 183
2 189
2 191
2 198
2 199
3 0
3 1
3 5
3 9
3 10
3 13
3 15
3 17
3 23
3 24
3 27
3 29
3 37
3 42
3 45
3 47
3 48
3 51
3 58
3 59
3 61
3 62
3 63
3 65
3 70
3 71
3 74
3 79
3 80
3 81
3 82
3 83
3 84
3 85
3 88
3 93
3 96
3 97
3 98
3 104
3 107
3 121
3 122
3 127
3 128
3 130
3 133
3 136
3 137
3 141
3 144
3 147
3 157
3 160
3 162
3 167
3 172
3 174
3 183
3 185
3 187
3 190
3 194
4 6
4 7
4 9
4 13
4 14
4 18
4 20
4 24
4 25
4 26
4 28
4 29
4 32
4 33
4 38
4 44
4 45
4 47
4 50
4 56
4 61
4 66
4 69
4 73
4 75
4 76
4 82
4 84
4 86
4 87
4 88
4 89
4 92
4 96
4 102
4 103
4 107
4 113
4 116
4 121
4 126
4 128
4 137
4 139
4 142
4 143
4 152
4 153
4 158
4 159
4 162
4 170
4 171
4 175
4 176
4 177
4 179
4 180
4 181
4 184
4 191
4 195
4 196
4 198
4 199
5 3
5 8
5 12
5 15
5 18
5 22
5 23
5 33
5 36
5 38
5 39
5 44
5 46
5 47
5 51
5 59
5 60
5 62
5 65
5 67
5 72
5 77
5 84
5 86
5 87
5 88
5 92
5 97
5 99
5 102
5 105
5 111
5 112
5 113
5 116
5 119
5 120
5 122
5 126
5 138
5 141
5 145
5 147
5 148
5 149
5 156
5 158
5 162
5 163
5 166
5 167
5 168
5 171
5 175
5 177
5 181
5 199
6 3
6 9
6 10
6 13
6 14
6 16
6 17
6 22
6 23
6 25
6 29
6 30
6 35
6 40
6 41
6 45
6 47
6 50
6 51
6 52
6 54
6 57
6 62
6 64
6 69
6 73
6 75
6 81
6 84
6 85
6 86
6 90
6 91
6 92
6 95
6 98
6 106
6 107
6 112
6 113
6 114
6 116
6 117
6 121
6 122
6 128
6 131
6 136
6 140
6 145
6 149
6 150
6 153
6 158
6 162
6 166
6 171
6 177
6 178
6 181
6 187
6 190
6 196
6 198
6 199
7 0
7 5
7 15
7 16
7 17
7 18
7 21
7 30
7 34
7 35
7 37
7 42
7 43
7 44
7 48
7 49
7 51
7 58
7 60
7 62
7 64
7 70
7 71
7 76
7 77
7 78
7 88
7 90
7 91
7 96
7 97
7 101
7 103
7 105
7 107
7 108
7 110
7 113
7 117
7 122
7 127
7 135
7 143
7 144
7 146
7 148
7 149
7 151
7 155
7 159
7 163
7 164
7 170
7 174
7 175
7 185
7 186
7 187
7 189
7 191
7 192
7 193
7 199
8 5
8 12
8 14
8 24
8 26
8 31
8 38
8 41
8 45
8 47
8 49
8 50
8 62
8 63
8 64
8 69
8 70
8 73
8 77
8 84
8 87
8 89
8 95
8 96
8 97
8 100
8 112
8 114
8 115
8 117
8 120
8 121
8 122
8 123
8 125
8 128
8 132
8 135
8 137
8 144
8 145
8 149
8 152
8 154
8 157
8 163
8 168
8 173
8 176
8 177
8 178
8 183
8 186
8 190
8 192
8 196
9 0
9 1
9 2
9 4
9 7
9 10
9 11
9 15
9 17
9 19
9 20
9 27
9 29
9 30
9 31
9 36
9 44
9 49
9 54
9 56
9 61
9 62
9 63
9 69
9 70
9 71
9 73
9 75
9 76
9 82
9 83
9 85
9 86
9 91
9 93
9 94
9 95
9 96
9 104
9 106
9 111
9 114
9 115
9 117
9 122
9 124
9 125
9 131
9 132
9 134
9 135
9 137
9 142
9 145
9 147
9 154
9 155
9 163
9 169
9 171
9 172
9 173
9 175
9 182
9 189
9 192
9 194
9 195
9 197
10 3
10 5
10 6
10 7
10 9
10 11
10 17
10 18
10 20
10 24
10 26
10 28
10 29
10 30
10 31
10 37
10 39
10 40
10 60
10 67
10 70
10 71
10 73
10 85
10 86
10 92
10 93
10 95
10 98
10 99
10 102
10 104
10 109
10 110
10 117
10 118
10 119
10 122
10 124
10 128
10 131
10 137
10 139
10 142
10 143
10 153
10 159
10 162
10 165
10 166
10 168
10 169
10 173
10 174
10 186
10 191
10 195
10 197
10 198
11 2
11 6
11 13
11 16
11 17
11 28
11 30
11 31
11 37
11 44
11 46
11 50
11 51
11 52
11 55
11 57
11 59
11 60
11 64
11 67
11 68
11 70
11 71
11 72
11 80
11 84
11 86
11 87
11 88
11 89
11 98
11 104
11 106
11 107
11 109
11 110
11 113
11 115
11 117
11 121
11 122
11 123
11 130
11 134
11 138
11 140
11 145
11 146
11 147
11 150
11 153
11 160
11 172
11 173
11 179
11 181
11 184
11 196
12 8
12 10
12 14
12 16
12 18
12 27
12 31
12 38
12 40
12 42
12 44
12 52
12 53
12 57
12 61
12 64
12 67
12 70
12 75
12 76
12 77
12 79
12 84
12 89
12 99
12 100
12 102
12 104
12 107
12 112
12 116
12 119
12 130
12 132
12 137
12 139
12 140
12 144
12 145
12 149
12 151
12 156
12 162
12 163
12 165
12 169
12 173
12 175
12 177
12 181
12 183
12 185
12 187
12 193
12 194
12 199
13 9
13 18
13 20
13 21
13 27
13 38
13 46
13 47
13 52
13 55
13 59
13 61
13 64
13 67
13 74
13 76
13 78
13 83
13 85
13 88
13 91
13 111
13 114
13 115
13 123
13 132
13 133
13 137
13 139
13 140
13 147
13 149
13 155
13 157
13 160
13 161
13 162
13 171
13 172
13 173
13 179
13 183
13 185
13 187
13 192
13 197
13 199
14 1
14 4
14 9
14 14
14 19
14 28
14 30
14 31
14 35
14 36
14 41
14 46
14 47
14 54
14 57
14 58
14 61
14 62
14 64
14 66
14 68
14 69
14 72
14 75
14 80
14 81
14 84
14 85
14 92
14 96
14 97
14 99
14 100
14 102
14 107
14 111
14 114
14 119
14 121
14 122
14 123
14 127
14 128
14 129
14 132
14 134
14 135
14 136
14 138
14 140
14 141
14 145
14 152
14 154
14 169
14 173
14 174
14 177
14 179
14 181
14 182
14 183
14 185
14 188
14 191
15 16
15 19
15 26
15 33
15 36
15 38
15 42
15 50
15 55
15 56
15 67
15 70
15 71
15 85
15 86
15 87
15 88
15 91
15 96
15 97
15 99
15 106
15 109
15 113
15 114
15 115
15 117
15 122
15 127
15 130
15 136
15 137
15 140
15 150
15 154
15 155
15 158
15 159
15 170
15 171
15 177
15 178
15 179
15 181
15 183
15 194
15 197
15 198
16 1
16 2
16 4
16 6
16 7
16 8
16 12
16 15
16 17
16 22
16 23
16 24
16 30
16 37
16 38
16 40
16 41
16 43
16 47
16 69
16 75
16 77
16 78
16 80
16 83
16 87
16 88
16 95
16 97
16 98
16 99
16 102
16 113
16 118
16 121
16 126
16 127
16 132
16 133
16 135
16 138
16 144
16 147
16 148
16 149
16 150
16 151
16 154
16 156
16 157
16 163
16 164
16 166
16 169
16 171
16 173
16 174
16 175
16 177
16 178
16 180
16 181
16 182
16 184
16 188
16 193
16 194
16 195
16 197
16 198
16 199
17 3
17 5
17 9
17 14
17 15
17 19
17 22
17 23
17 36
17 37
17 40
17 45
17 53
17 54
17 57
17 60
17 65
17 69
17 73
17 74
17 79
17 95
17 99
17 103
17 104
17 105
17 108
17 109
17 110
17 111
17 115
17 118
17 119
17 123
17 124
17 128
17 131
17 135
17 151
17 154
17 161
17 171
17 172
17 175
17 177
17 180
17 182
17 185
17 190
17 193
17 194
17 195
17 196
17 197
17 198
18 0
18 2
18 5
18 8
18 17
18 24
18 28
18 35
18 40
18 42
18 46
18 47
18 49
18 50
18 53
18 54
18 55
18 56
18 57
18 59
18 63
18 68
18 69
18 70
18 71
18 72
18 74
18 77
18 80
18 84
18 86
18 90
18 92
18 96
18 98
18 101
18 104
18 111
18 115
18 119
18 121
18 124
18 125
18 128
18 131
18 132
18 133
18 136
18 144
18 145
18 147
18 148
18 149
18 150
18 157
18 160
18 165
18 167
18 169
18 170
18 175
18 179
18 180
18 183
18 185
18 186
18 187
18 192
18 195
18 198
19 3
19 5
19 7
19 8
19 9
19 10
19 12
19 15
19 20
19 23
19 25
19 27
19 28
19 29
19 31
19 32
19 34
19 38
19 41
19 48
19 50
19 51
19 55
19 56
19 61
19 62
19 71
19 75
19 76
19 78
19 83
19 88
19 90
19 97
19 99
19 103
19 104
19 109
19 116
19 126
19 130
19 136
19 140
19 147
19 149
19 157
19 163
19 168
19 170
19 183
19 189
20 1
20 3
20 5
20 9
20 10
20 14
20 16
20 18
20 27
20 31
20 32
20 36
20 38
20 39
20 41
20 51
20 58
20 60
20 69
20 70
20 73
20 74
20 80
20 82
20 84
20 86
20 87
20 88
20 96
20 115
20 116
20 119
20 127
20 129
20 131
20 132
20 143
20 147
20 148
20 151
20 156
20 158
20 163
20 164
20 167
20 168
20 173
20 184
20 187
20 191
20 196
21 0
21 4
21 8
21 11
21 13
21 14
21 16
21 18
21 21
21 22
21 24
21 28
21 30
21 39
21 42
21 46
21 47
21 66
21 69
21 75
21 77
21 79
21 81
21 84
21 85
21 89
21 99
21 103
21 105
21 106
21 119
21 120
21 122
21 132
21 141
21 145
21 147
21 148
21 149
21 155
21 156
21 157
21 160
21 165
21 172
21 173
21 175
21 180
21 181
21 191
21 192
21 195
21 196
21 197
21 198
21 199
22 2
22 3
22 13
22 16
22 18
22 19
22 22
22 26
22 27
22 28
22 31
22 33
22 36
22 37
22 41
22 42
22 46
22 47
22 48
22 49
22 51
22 55
22 56
22 57
22 59
22 62
22 63
22 67
22 68
22 69
22 71
22 75
22 81
22 94
22 107
22 109
22 110
22 116
22 118
22 120
22 122
22 125
22 128
22 135
22 140
22 146
22 147
22 156
22 162
22 163
22 169
22 170
22 173
22 174
22 176
22 183
22 184
22 192
22 194
22 198
23 8
23 16
23 17
23 18
23 23
23 26
23 27
23 32
23 34
23 40
23 43
23 46
23 49
23 51
23 55
23 57
23 63
23 67
23 71
23 72
23 73
23 74
23 75
23 77
23 82
23 88
23 89
23 95
23 96
23 98
23 99
23 100
23 103
23 105
23 110
23 113
23 118
23 119
23 121
23 122
23 127
23 129
23 130
23 131
23 132
23 137
23 138
23 141
23 143
23 149
23 154
23 161
23 162
23 164
23 168
23 171
23 172
23 175
23 185
23 196
24 3
24 5
24 6
24 7
24 15
24 16
24 18
24 21
24 25
24 31
24 36
24 38
24 41
24 42
24 44
24 52
24 53
24 58
24 63
24 66
24 68
24 73
24 78
24 79
24 80
24 84
24 87
24 91
24 105
24 107
24 108
24 113
24 114
24 120
24 126
24 127
24 135
24 136
24 140
24 142
24 144
24 146
24 150
24 151
24 153
24 154
24 155
24 158
24 159
24 163
24 166
24 169
24 171
24 181
24 182
24 184
24 185
24 187
24 188
24 189
24 190
24 192
24 199
25 1
25 5
25 11
25 12
25 18
25 22
25 24
25 26
25 27
25 31
25 32
25 33
25 35
25 44
25 50
25 51
25 59
25 63
25 65
25 68
25 82
25 84
25 90
25 95
25 97
25 98
25 104
25 106
25 107
25 108
25 113
25 116
25 123
25 125
25 127
25 137
25 142
25 147
25 153
25 155
25 157
25 158
25 162
25 163
25 164
25 174
25 177
25 178
25 180
25 181
25 187
25 189
25 191
25 195
25 198
26 1
26 2
26 3
26 6
26 14
26 19
26 20
26 25
26 29
26 30
26 35
26 36
26 37
26 40
26 41
26 45
26 47
26 49
26 50
26 53
26 54
26 59
26 61
26 63
26 64
26 68
26 70
26 71
26 75
26 80
26 83
26 84
26 88
26 92
26 94
26 95
26 97
26 100
26 104
26 108
26 110
26 111
26 112
26 116
26 119
26 120
26 122
26 123
26 124
26 125
26 127
26 128
26 129
26 130
26 132
26 136
26 139
26 142
26 147
26 156
26 160
26 162
26 169
26 177
26 178
26 182
26 185
26 187
26 189
26 191
26 198
26 199
27 0
27 1
27 4
27 5
27 15
27 25
27 31
27 33
27 47
27 54
27 56
27 60
27 63
27 64
27 66
27 69
27 70
27 72
27 73
27 74
27 84
27 87
27 89
27 92
27 97
27 102
27 112
27 113
27 120
27 121
27 123
27 129
27 130
27 131
27 132
27 134
27 136
27 137
27 141
27 142
27 145
27 149
27 152
27 158
27 163
27 164
27 166
27 168
27 171
27 175
27 176
27 177
27 179
27 183
27 184
27 185
27 186
27 188
28 0
28 1
28 3
28 9
28 16
28 17
28 23
28 25
28 27
28 29
28 30
28 33
28 37
28 39
28 40
28 42
28 43
28 53
28 55
28 56
28 57
28 60
28 64
28 65
28 66
28 69
28 73
28 79
28 80
28 83
28 84
28 90
28 104
28 108
28 113
28 114
28 117
28 121
28 122
28 123
28 125
28 127
28 129
28 130
28 132
28 133
28 135
28 137
28 146
28 151
28 153
28 157
28 159
28 162
28 168
28 170
28 178
28 179
28 183
28 187
28 192
28 197
28 198
28 199
29 0
29 4
29 5
29 8
29 11
29 13
29 14
29 20
29 21
29 22
29 30
29 31
29 35
29 39
29 41
29 43
29 46
29 50
29 57
29 59
29 60
29 61
29 69
29 70
29 72
29 74
29 82
29 85
29 92
29 96
29 105
29 111
29 113
29 114
29 117
29 121
29 123
29 124
29 125
29 127
29 129
29 135
29 136
29 138
29 142
29 143
29 145
29 149
29 150
29 152
29 156
29 158
29 162
29 164
29 171
29 173
29 189
29 196
29 198
30 0
30 5
30 16
30 18
30 19
30 34
30 38
30 39
30 41
30 42
30 44
30 46
30 47
30 48
30 49
30 50
30 52
30 53
30 57
30 59
30 60
30 61
30 64
30 71
30 77
30 78
30 81
30 82
30 83
30 87
30 89
30 92
30 97
30 99
30 100
30 105
30 106
30 116
30 117
30 122
30 128
30 132
30 135
30 137
30 140
30 141
30 142
30 144
30 152
30 154
30 156
30 168
30 171
30 175
30 177
30 181
30 186
30 193
30 198
31 1
31 2
31 3
31 4
31 8
31 11
31 13
31 15
31 19
31 21
31 30
31 31
31 34
31 35
31 38
31 42
31 44
31 46
31 48
31 50
31 54
31 56
31 57
31 59
31 60
31 61
31 63
31 64
31 66
31 71
31 72
31 78
31 82
31 85
31 91
31 92
31 96
31 105
31 106
31 108
31 110
31 115
31 117
31 123
31 125
31 128
31 135
31 137
31 138
31 143
31 147
31 153
31 156
31 157
31 161
31 172
31 177
31 178
31 180
31 183
31 185
31 190
31 192
31 194
32 3
32 5
32 16
32 17
32 23
32 27
32 28
32 30
32 32
32 36
32 38
32 39
32 46
32 54
32 55
32 58
32 62
32 63
32 66
32 68
32 70
32 72
32 73
32 74
32 77
32 84
32 85
32 86
32 90
32 92
32 96
32 97
32 101
32 102
32 105
32 106
32 108
32 110
32 111
32 113
32 115
32 121
32 126
32 133
32 134
32 135
32 141
32 142
32 145
32 149
32 150
32 152
32 154
32 155
32 157
32 158
32 159
32 161
32 162
32 174
32 178
32 179
32 180
32 182
32 183
32 187
32 188
32 197
32 198
32 199
33 2
33 3
33 6
33 7
33 10
33 12
33 19
33 21
33 26
33 31
33 33
33 34
33 35
33 36
33 38
33 41
33 42
33 43
33 44
33 45
33 51
33 57
33 63
33 64
33 65
33 66
33 68
33 72
33 87
33 94
33 96
33 100
33 102
33 104
33 106
33 116
33 119
33 122
33 125
33 129
33 131
33 132
33 137
33 140
33 144
33 145
33 150
33 151
33 160
33 161
33 168
33 169
33 173
33 178
33 179
33 182
33 184
33 185
34 5
34 9
34 11
34 13
34 14
34 20
34 23
34 25
34 26
34 31
34 32
34 34
34 38
34 39
34 42
34 47
34 50
34 54
34 58
34 61
34 62
34 65
34 67
34 68
34 75
34 77
34 79
34 84
34 90
34 91
34 92
34 97
34 98
34 99
34 100
34 102
34 104
34 105
34 107
34 108
34 109
34 112
34 116
34 122
34 125
34 126
34 127
34 145
34 149
34 151
34 152
34 158
34 160
34 167
34 168
34 173
34 175
34 177
34 179
34 184
34 185
34 187
34 190
35 2
35 5
35 8
35 10
35 17
35 19
35 24
35 25
35 26
35 34
35 35
35 43
35 45
35 55
35 56
35 58
35 63
35 66
35 69
35 73
35 76
35 77
35 78
35 87
35 94
35 96
35 97
35 99
35 100
35 104
35 106
35 109
35 112
35 115
35 117
35 126
35 132
35 138
35 150
35 155
35 156
35 165
35 170
35 171
35 175
35 177
35 183
35 184
35 185
35 187
35 191
35 195
36 4
36 5
36 6
36 16
36 17
36 22
36 24
36 28
36 33
36 35
36 36
36 39
36 40
36 41
36 44
36 45
36 47
36 49
36 51
36 53
36 57
36 60
36 63
36 65
36 66
36 67
36 68
36 77
36 78
36 82
36 84
36 86
36 89
36 90
36 93
36 97
36 98
36 100
36 103
36 105
36 106
36 109
36 112
36 114
36 115
36 116
36 117
36 119
36 128
36 130
36 133
36 136
36 155
36 161
36 162
36 163
36 167
36 168
36 169
36 171
36 179
36 184
36 185
36 187
36 196
36 197
36 198
37 0
37 2
37 18
37 19
37 25
37 26
37 28
37 35
37 36
37 37
37 38
37 40
37 41
37 43
37 44
37 46
37 47
37 48
37 49
37 58
37 61
37 66
37 68
37 70
37 72
37 76
37 80
37 91
37 94
37 95
37 104
37 107
37 110
37 111
37 113
37 116
37 121
37 122
37 123
37 125
37 133
37 135
37 136
37 140
37 141
37 145
37 146
37 150
37 153
37 162
37 164
37 170
37 173
37 174
37 176
37 184
37 193
37 195
37 196
38 3
38 5
38 8
38 9
38 13
38 16
38 17
38 18
38 21
38 25
38 26
38 30
38 31
38 35
38 36
38 37
38 44
38 50
38 51
38 57
38 60
38 62
38 63
38 70
38 72
38 73
38 75
38 77
38 82
38 85
38 88
38 91
38 96
38 97
38 104
38 107
38 113
38 115
38 119
38 122
38 126
38 136
38 137
38 139
38 142
38 145
38 146
38 147
38 149
38 152
38 153
38 155
38 162
38 163
38 164
38 165
38 168
38 172
38 173
38 178
38 179
38 186
38 188
38 192
38 198
39 1
39 5
39 6
39 10
39 11
39 16
39 21
39 23
39 27
39 29
39 38
39 39
39 40
39 41
39 43
39 56
39 58
39 60
39 62
39 68
39 69
39 71
39 74
39 83
39 84
39 88
39 90
39 91
39 97
39 99
39 100
39 105
39 110
39 115
39 116
39 122
39 125
39 131
39 143
39 145
39 146
39 147
39 149
39 154
39 159
39 164
39 167
39 171
39 172
39 185
39 186
39 187
39 188
39 189
39 199
40 7
40 8
40 9
40 13
40 17
40 22
40 24
40 25
40 27
40 32
40 34
40 36
40 37
40 39
40 40
40 43
40 44
40 45
40 46
40 47
40 49
40 54
40 58
40 62
40 63
40 67
40 68
40 70
40 76
40 80
40 81
40 83
40 84
40 87
40 91
40 96
40 109
40 110
40 111
40 125
40 126
40 129
40 131
40 138
40 139
40 142
40 145
40 146
40 151
40 153
40 154
40 156
40 166
40 169
40 173
40 174
40 175
40 179
40 182
40 183
40 195
40 198
41 0
41 1
41 5
41 7
41 10
41 19
41 21
41 23
41 28
41 31
41 36
41 37
41 40
41 44
41 47
41 49
41 57
41 59
41 60
41 66
41 81
41 84
41 85
41 88
41 89
41 94
41 95
41 100
41 101
41 104
41 106
41 107
41 112
41 113
41 114
41 117
41 122
41 126
41 127
41 129
41 130
41 131
41 134
41 140
41 146
41 147
41 148
41 158
41 160
41 164
41 166
41 169
41 175
41 181
41 187
41 190
41 194
41 199
42 1
42 8
42 11
42 14
42 16
42 21
42 22
42 25
42 27
42 31
42 36
42 38
42 40
42 45
42 46
42 48
42 51
42 56
42 58
42 60
42 63
42 65
42 69
42 70
42 71
42 73
42 75
42 81
42 84
42 87
42 91
42 96
42 98
42 100
42 102
42 103
42 104
42 111
42 113
42 115
42 116
42 121
42 125
42 130
42 132
42 133
42 134
42 136
42 140
42 147
42 149
42 151
42 154
42 156
42 159
42 165
42 171
42 176
42 187
42 190
42 198
43 1
43 2
43 3
43 9
43 10
43 13
43 15
43 21
43 22
43 23
43 25
43 27
43 32
43 34
43 38
43 41
43 45
43 48
43 57
43 65
43 70
43 71
43 75
43 77
43 83
43 88
43 95
43 106
43 113
43 117
43 118
43 124
43 126
43 129
43 131
43 133
43 138
43 141
43 145
43 147
43 148
43 152
43 153
43 156
43 158
43 160
43 161
43 163
43 166
43 169
43 171
43 175
43 178
43 180
43 188
43 189
43 193
43 198
44 4
44 6
44 9
44 12
44 15
44 17
44 23
44 27
44 28
44 30
44 34
44 35
44 38
44 47
44 50
44 54
44 55
44 57
44 58
44 59
44 60
44 63
44 65
44 70
44 72
44 73
44 76
44 77
44 78
44 79
44 82
44 87
44 88
44 89
44 93
44 94
44 96
44 100
44 106
44 108
44 111
44 112
44 114
44 118
44 119
44 121
44 125
44 128
44 129
44 132
44 135
44 141
44 148
44 150
44 153
44 156
44 161
44 172
44 173
44 175
44 180
44 181
44 183
44 188
44 189
44 195
45 0
45 6
45 7
45 9
45 10
45 11
45 12
45 13
45 17
45 18
45 20
45 24
45 37
45 39
45 47
45 52
45 57
45 58
45 59
45 60
45 61
45 62
45 65
45 66
45 67
45 68
45 79
45 81
45 83
45 90
45 91
45 96
45 97
45 98
45 99
45 106
45 109
45 117
45 119
45 122
45 123
45 124
45 126
45 127
45 131
45 132
45 133
45 135
45 137
45 143
45 144
45 146
45 147
45 148
45 151
45 153
45 154
45 156
45 157
45 158
45 163
45 166
45 170
45 176
45 178
45 179
45 180
45 186
45 187
45 188
45 189
45 190
45 192
45 196
46 1
46 5
46 10
46 11
46 12
46 13
46 18
46 19
46 23
46 25
46 26
46 28
46 34
46 36
46 37
46 39
46 42
46 45
46 53
46 55
46 58
46 60
46 62
46 66
46 72
46 73
46 77
46 85
46 87
46 89
46 91
46 93
46 96
46 98
46 99
46 101
46 106
46 109
46 113
46 115
46 116
46 118
46 119
46 125
46 127
46 133
46 137
46 142
46 143
46 151
46 157
46 161
46 166
46 182
46 187
46 191
46 192
46 195
46 196
46 197
47 2
47 5
47 22
47 27
47 28
47 30
47 34
47 36
47 37
47 38
47 40
47 43
47 45
47 46
47 48
47 49
47 51
47 56
47 57
47 71
47 77
47 78
47 79
47 86
47 87
47 90
47 93
47 94
47 96
47 97
47 104
47 112
47 114
47 115
47 117
47 119
47 122
47 123
47 125
47 126
47 133
47 134
47 143
47 146
47 148
47 150
47 152
47 153
47 154
47 155
47 157
47 161
47 162
47 167
47 168
47 169
47 172
47 173
47 179
47 181
47 183
47 190
47 193
47 195
47 196
47 198
48 0
48 1
48 5
48 6
48 8
48 10
48 11
48 12
48 17
48 20
48 22
48 24
48 25
48 28
48 33
48 34
48 40
48 41
48 42
48 47
48 49
48 55
48 65
48 68
48 69
48 71
48 72
48 76
48 79
48 82
48 85
48 86
48 90
48 91
48 92
48 96
48 97
48 106
48 107
48 108
48 116
48 117
48 119
48 124
48 129
48 131
48 133
48 134
48 136
48 138
48 147
48 149
48 151
48 154
48 156
48 158
48 165
48 167
48 170
48 174
48 177
48 180
48 186
48 188
48 189
48 191
48 192
49 1
49 3
49 10
49 12
49 13
49 14
49 17
49 18
49 19
49 23
49 24
49 25
49 26
49 28
49 30
49 35
49 44
49 48
49 54
49 56
49 63
49 73
49 75
49 76
49 77
49 81
49 82
49 83
49 89
49 92
49 94
49 97
49 99
49 101
49 102
49 112
49 114
49 117
49 121
49 124
49 134
49 138
49 148
49 154
49 156
49 157
49 158
49 159
49 160
49 162
49 167
49 177
49 178
49 181
49 185
49 192
49 193
49 195
50 1
50 3
50 7
50 11
50 20
50 21
50 22
50 25
50 27
50 30
50 36
50 39
50 40
50 41
50 44
50 45
50 46
50 49
50 51
50 52
50 54
50 55
50 58
50 59
50 60
50 65
50 66
50 67
50 68
50 70
50 74
50 81
50 82
50 89
50 95
50 96
50 99
50 100
50 102
50 105
50 108
50 111
50 113
50 115
50 117
50 118
50 119
50 120
50 121
50 123
50 125
50 126
50 128
50 131
50 134
50 150
50 152
50 153
50 155
50 159
50 160
50 161
50 163
50 164
50 165
50 167
50 173
50 176
50 178
50 180
50 181
50 182
50 185
50 192
50 195
50 196
51 0
51 3
51 5
51 15
51 18
51 22
51 24
51 25
51 29
51 33
51 37
51 38
51 40
51 46
51 49
51 52
51 54
51 56
51 60
51 64
51 68
51 70
51 74
51 76
51 82
51 83
51 85
51 93
51 98
51 108
51 109
51 113
51 115
51 116
51 117
51 118
51 120
51 121
51 124
51 129
51 133
51 135
51 137
51 140
51 151
51 153
51 154
51 159
51 163
51 166
51 172
51 181
51 183
51 187
51 188
51 189
51 191
51 197
52 2
52 5
52 8
52 9
52 10
52 11
52 12
52 16
52 18
52 24
52 30
52 36
52 37
52 39
52 43
52 44
52 48
52 49
52 51
52 55
52 59
52 61
52 72
52 73
52 75
52 77
52 80
52 82
52 83
52 93
52 106
52 107
52 114
52 115
52 124
52 141
52 146
52 148
52 151
52 152
52 156
52 157
52 159
52 162
52 165
52 167
52 169
52 177
52 179
52 184
52 185
52 189
52 192
52 194
52 197
52 198
53 0
53 1
53 4
53 6
53 11
53 12
53 14
53 15
53 16
53 17
53 18
53 24
53 31
53 32
53 36
53 44
53 47
53 48
53 49
53 52
53 55
53 58
53 70
53 79
53 81
53 86
53 87
53 88
53 91
53 96
53 99
53 109
53 114
53 118
53 123
53 126
53 129
53 135
53 138
53 143
53 154
53 156
53 165
53 166
53 175
53 182
53 183
53 190
53 193
53 194
53 195
54 3
54 9
54 13
54 14
54 16
54 19
54 22
54 25
54 30
54 35
54 40
54 43
54 46
54 48
54 54
54 55
54 56
54 58
54 59
54 60
54 67
54 69
54 72
54 73
54 76
54 81
54 86
54 90
54 93
54 97
54 98
54 99
54 101
54 103
54 104
54 105
54 106
54 107
54 108
54 116
54 117
54 118
54 123
54 125
54 129
54 133
54 140
54 141
54 148
54 155
54 156
54 159
54 162
54 173
54 175
54 181
54 183
54 184
54 185
54 186
54 189
54 191
54 196
54 199
55 2
55 3
55 6
55 12
55 17
55 18
55 19
55 24
55 26
55 29
55 37
55 42
55 43
55 45
55 47
55 51
55 54
55 56
55 57
55 59
55 60
55 62
55 65
55 75
55 76
55 80
55 83
55 84
55 86
55 94
55 97
55 107
55 108
55 109
55 111
55 116
55 118
55 123
55 128
55 135
55 136
55 143
55 144
55 148
55 150
55 151
55 153
55 156
55 157
55 158
55 161
55 165
55 166
55 167
55 169
55 171
55 172
55 174
55 175
55 176
55 181
55 184
55 188
55 194
55 195
56 1
56 5
56 9
56 11
56 12
56 13
56 14
56 15
56 19
56 21
56 22
56 26
56 29
56 33
56 35
56 36
56 37
56 41
56 43
56 47
56 48
56 50
56 58
56 73
56 75
56 77
56 78
56 82
56 94
56 100
56 103
56 104
56 105
56 106
56 107
56 110
56 120
56 129
56 130
56 131
56 132
56 137
56 140
56 142
56 145
56 148
56 149
56 153
56 154
56 155
56 157
56 163
56 164
56 168
56 172
56 174
56 175
56 177
56 179
56 181
56 182
56 184
56 188
56 189
56 190
56 192
56 194
57 2
57 3
57 7
57 15
57 16
57 17
57 21
57 22
57 24
57 25
57 27
57 28
57 32
57 33
57 37
57 39
57 42
57 43
57 44
57 47
57 50
57 52
57 58
57 59
57 60
57 61
57 63
57 68
57 71
57 73
57 76
57 78
57 81
57 84
57 86
57 89
57 95
57 97
57 104
57 106
57 111
57 114
57 115
57 118
57 120
57 121
57 126
57 131
57 141
57 145
57 147
57 148
57 152
57 154
57 155
57 156
57 159
57 160
57 164
57 166
57 179
57 184
57 188
57 189
57 191
57 192
57 198
58 2
58 4
58 5
58 6
58 7
58 9
58 11
58 14
58 16
58 22
58 23
58 24
58 25
58 38
58 39
58 40
58 47
58 54
58 55
58 62
58 63
58 65
58 66
58 74
58 75
58 78
58 79
58 84
58 88
58 90
58 91
58 92
58 97
58 101
58 103
58 107
58 110
58 112
58 114
58 118
58 119
58 122
58 123
58 124
58 129
58 132
58 133
58 140
58 141
58 142
58 145
58 147
58 152
58 153
58 157
58 158
58 160
58 163
58 165
58 167
58 169
58 173
58 177
58 180
58 184
58 186
58 187
58 188
58 197
59 1
59 2
59 4
59 6
59 10
59 12
59 14
59 29
59 34
59 39
59 40
59 41
59 42
59 44
59 50
59 54
59 64
59 67
59 68
59 70
59 71
59 73
59 77
59 82
59 84
59 85
59 88
59 90
59 93
59 94
59 99
59 105
59 106
59 107
59 109
59 110
59 112
59 117
59 126
59 127
59 129
59 132
59 134
59 135
59 142
59 143
59 147
59 148
59 151
59 158
59 159
59 160
59 161
59 165
59 166
59 167
59 168
59 172
59 176
59 180
59 181
59 183
59 185
59 186
59 190
59 196
59 198
60 4
60 5
60 6
60 7
60 9
60 14
60 29
60 34
60 41
60 46
60 47
60 48
60 49
60 52
60 61
60 66
60 67
60 70
60 72
60 74
60 80
60 82
60 83
60 85
60 88
60 93
60 98
60 99
60 101
60 102
60 103
60 107
60 110
60 111
60 112
60 117
60 122
60 123
60 134
60 137
60 140
60 141
60 143
60 154
60 156
60 159
60 161
60 167
60 168
60 170
60 177
60 178
60 182
60 185
60 187
60 189
60 193
60 194
60 198
61 5
61 9
61 14
61 16
61 17
61 21
61 24
61 25
61 26
61 27
61 29
61 30
61 32
61 33
61 35
61 40
61 43
61 47
61 60
61 63
61 64
61 65
61 69
61 72
61 73
61 75
61 77
61 78
61 79
61 89
61 91
61 92
61 93
61 94
61 97
61 100
61 102
61 104
61 118
61 120
61 121
61 125
61 131
61 136
61 141
61 144
61 145
61 152
61 154
61 157
61 161
61 162
61 167
61 168
61 172
61 176
61 181
61 184
61 187
61 189
61 190
61 194
61 195
62 3
62 4
62 6
62 7
62 13
62 14
62 16
62 19
62 22
62 24
62 25
62 28
62 33
62 38
62 46
62 55
62 56
62 62
62 63
62 64
62 68
62 71
62 74
62 78
62 80
62 82
62 83
62 87
62 88
62 96
62 97
62 98
62 104
62 106
62 113
62 116
62 120
62 121
62 124
62 127
62 130
62 134
62 136
62 144
62 146
62 149
62 150
62 151
62 152
62 154
62 156
62 157
62 168
62 175
62 177
62 180
62 184
62 189
62 192
62 195
62 197
62 198
62 199
63 0
63 10
63 11
63 12
63 14
63 16
63 18
63 20
63 22
63 23
63 26
63 37
63 40
63 41
63 45
63 46
63 47
63 50
63 52
63 54
63 60
63 64
63 65
63 66
63 70
63 74
63 77
63 79
63 83
63 87
63 88
63 90
63 91
63 93
63 94
63 95
63 100
63 105
63 108
63 109
63 120
63 126
63 128
63 130
63 132
63 145
63 150
63 153
63 154
63 155
63 160
63 161
63 162
63 165
63 167
63 168
63 169
63 181
63 184
63 186
63 199
64 0
64 6
64 7
64 9
64 11
64 13
64 16
64 22
64 29
64 31
64 32
64 34
64 35
64 36
64 38
64 43
64 46
64 49
64 53
64 63
64 64
64 74
64 77
64 78
64 82
64 85
64 86
64 88
64 89
64 90
64 91
64 96
64 99
64 100
64 101
64 102
64 103
64 108
64 117
64 120
64 126
64 128
64 130
64 131
64 133
64 136
64 139
64 142
64 152
64 153
64 155
64 156
64 169
64 174
64 175
64 176
64 178
64 179
64 182
64 186
64 187
64 188
64 191
64 194
64 195
65 0
65 1
65 10
65 21
65 25
65 27
65 28
65 38
65 40
65 47
65 50
65 52
65 54
65 62
65 77
65 79
65 80
65 81
65 87
65 89
65 90
65 92
65 94
65 99
65 102
65 107
65 109
65 110
65 111
65 112
65 114
65 116
65 119
65 120
65 122
65 128
65 139
65 143
65 146
65 153
65 154
65 157
65 160
65 162
65 171
65 173
65 177
65 182
65 184
65 185
65 186
65 187
65 188
65 189
65 191
65 195
65 196
65 198
66 2
66 4
66 5
66 7
66 9
66 12
66 20
66 23
66 25
66 26
66 27
66 29
66 34
66 35
66 38
66 39
66 42
66 44
66 46
66 48
66 56
66 63
66 65
66 66
66 70
66 72
66 73
66 76
66 77
66 80
66 81
66 87
66 92
66 95
66 99
66 104
66 105
66 108
66 109
66 110
66 114
66 121
66 124
66 126
66 127
66 128
66 132
66 133
66 136
66 137
66 140
66 142
66 149
66 152
66 155
66 168
66 170
66 172
66 174
66 175
66 183
66 184
66 185
66 188
66 189
67 0
67 3
67 6
67 8
67 9
67 15
67 17
67 20
67 24
67 25
67 26
67 34
67 41
67 43
67 47
67 53
67 54
67 56
67 59
67 61
67 62
67 71
67 72
67 75
67 77
67 84
67 86
67 93
67 94
67 95
67 103
67 104
67 106
67 107
67 108
67 113
67 127
67 130
67 133
67 134
67 139
67 143
67 145
67 154
67 155
67 156
67 160
67 165
67 166
67 168
67 170
67 171
67 172
67 173
67 180
67 184
67 185
67 187
67 189
67 190
67 194
67 198
67 199
68 0
68 1
68 5
68 8
68 9
68 12
68 13
68 15
68 16
68 17
68 28
68 30
68 33
68 39
68 42
68 45
68 46
68 57
68 58
68 61
68 62
68 64
68 65
68 67
68 75
68 78
68 80
68 84
68 87
68 88
68 96
68 98
68 100
68 101
68 103
68 111
68 115
68 118
68 124
68 128
68 134
68 135
68 136
68 139
68 151
68 152
68 157
68 163
68 164
68 173
68 178
68 181
68 182
68 185
68 188
68 192
68 198
69 2
69 6
69 9
69 10
69 11
69 14
69 16
69 25
69 29
69 31
69 32
69 43
69 45
69 47
69 49
69 50
69 57
69 62
69 68
69 69
69 76
69 77
69 78
69 81
69 82
69 85
69 86
69 87
69 89
69 90
69 93
69 94
69 99
69 103
69 106
69 108
69 110
69 120
69 122
69 127
69 134
69 135
69 137
69 138
69 140
69 141
69 142
69 144
69 148
69 151
69 152
69 157
69 164
69 169
69 173
69 176
69 181
69 182
69 193
69 196
69 197
69 198
70 0
70 6
70 7
70 9
70 20
70 28
70 31
70 32
70 45
70 46
70 51
70 56
70 58
70 67
70 68
70 75
70 78
70 82
70 89
70 90
70 92
70 93
70 99
70 100
70 102
70 107
70 109
70 110
70 111
70 124
70 128
70 131
70 132
70 133
70 137
70 140
70 146
70 150
70 153
70 157
70 160
70 161
70 169
70 173
70 177
70 185
70 186
70 190
70 193
70 198
71 1
71 2
71 10
71 21
71 28
71 31
71 37
71 39
71 44
71 47
71 49
71 57
71 63
71 66
71 69
71 73
71 74
71 75
71 79
71 83
71 87
71 90
71 93
71 98
71 100
71 102
71 104
71 106
71 109
71 115
71 121
71 123
71 124
71 128
71 132
71 135
71 136
71 137
71 139
71 147
71 148
71 150
71 157
71 161
71 162
71 166
71 170
71 174
71 175
71 186
71 188
71 191
71 192
71 196
72 9
72 10
72 17
72 18
72 23
72 24
72 30
72 31
72 34
72 38
72 39
72 42
72 43
72 46
72 50
72 52
72 53
72 55
72 56
72 61
72 63
72 66
72 67
72 68
72 69
72 70
72 72
72 77
72 79
72 81
72 84
72 90
72 98
72 101
72 102
72 104
72 105
72 108
72 109
72 115
72 118
72 120
72 127
72 129
72 131
72 132
72 135
72 137
72 139
72 149
72 151
72 152
72 157
72 158
72 161
72 162
72 163
72 166
72 167
72 172
72 178
72 180
72 182
72 186
72 188
73 2
73 4
73 6
73 17
73 18
73 19
73 26
73 27
73 29
73 32
73 33
73 37
73 51
73 52
73 54
73 59
73 63
73 71
73 72
73 76
73 83
73 85
73 89
73 90
73 91
73 93
73 94
73 97
73 99
73 100
73 103
73 108
73 109
73 111
73 112
73 116
73 118
73 123
73 128
73 131
73 133
73 135
73 140
73 143
73 144
73 148
73 150
73 153
73 156
73 157
73 161
73 163
73 166
73 174
73 178
73 179
73 183
73 186
73 187
73 188
73 189
73 190
73 194
73 195
73 197
73 198
74 10
74 17
74 18
74 19
74 24
74 25
74 27
74 33
74 35
74 41
74 42
74 45
74 48
74 52
74 53
74 54
74 55
74 64
74 76
74 83
74 85
74 86
74 92
74 95
74 106
74 110
74 111
74 112
74 114
74 116
74 119
74 121
74 122
74 125
74 128
74 137
74 139
74 141
74 142
74 143
74 146
74 148
74 151
74 153
74 161
74 164
74 165
74 171
74 174
74 176
74 182
74 184
74 185
74 186
74 188
74 189
74 191
74 192
74 193
74 195
74 196
74 199
75 3
75 7
75 8
75 10
75 14
75 17
75 18
75 21
75 22
75 25
75 29
75 31
75 36
75 37
75 40
75 41
75 51
75 56
75 62
75 64
75 68
75 69
75 71
75 74
75 75
75 81
75 84
75 85
75 86
75 89
75 95
75 97
75 98
75 104
75 105
75 106
75 111
75 114
75 115
75 122
75 126
75 127
75 131
75 135
75 140
75 142
75 150
75 151
75 168
75 174
75 175
75 176
75 178
75 181
75 184
75 186
75 189
75 190
75 192
75 194
76 0
76 2
76 9
76 11
76 12
76 15
76 17
76 18
76 19
76 22
76 23
76 31
76 34
76 35
76 38
76 40
76 43
76 53
76 55
76 57
76 58
76 61
76 62
76 68
76 71
76 72
76 74
76 75
76 78
76 79
76 80
76 83
76 84
76 87
76 92
76 96
76 100
76 106
76 108
76 114
76 117
76 120
76 124
76 126
76 131
76 133
76 138
76 139
76 142
76 146
76 150
76 152
76 159
76 162
76 163
76 165
76 172
76 175
76 177
76 181
76 187
76 188
76 195
77 8
77 9
77 10
77 13
77 14
77 15
77 19
77 21
77 27
77 28
77 29
77 31
77 32
77 49
77 55
77 64
77 81
77 84
77 90
77 95
77 98
77 100
77 101
77 104
77 107
77 108
77 109
77 110
77 111
77 118
77 124
77 135
77 136
77 137
77 138
77 141
77 146
77 147
77 150
77 152
77 154
77 155
77 164
77 176
77 178
77 180
77 183
77 186
77 188
77 189
77 190
77 191
77 195
77 196
78 0
78 1
78 2
78 4
78 10
78 13
78 20
78 21
78 26
78 31
78 36
78 38
78 39
78 40
78 41
78 47
78 48
78 52
78 53
78 60
78 62
78 66
78 67
78 70
78 73
78 79
78 85
78 86
78 92
78 93
78 97
78 107
78 108
78 109
78 116
78 117
78 121
78 123
78 124
78 125
78 142
78 144
78 145
78 147
78 148
78 150
78 151
78 153
78 154
78 157
78 161
78 171
78 172
78 176
78 180
78 183
78 184
78 187
78 191
78 194
78 195
78 198
79 3
79 4
79 6
79 7
79 9
79 10
79 14
79 15
79 21
79 23
79 27
79 29
79 33
79 34
79 37
79 38
79 44
79 49
79 52
79 54
79 57
79 59
79 62
79 67
79 69
79 78
79 79
79 85
79 86
79 91
79 98
79 99
79 100
79 105
79 106
79 107
79 109
79 110
79 113
79 118
79 122
79 123
79 127
79 128
79 129
79 139
79 141
79 148
79 154
79 158
79 161
79 163
79 166
79 167
79 170
79 173
79 176
79 177
79 180
79 186
79 188
79 192
79 195
79 199
80 2
80 3
80 6
80 11
80 12
80 18
80 23
80 29
80 32
80 33
80 45
80 46
80 47
80 60
80 62
80 70
80 72
80 78
80 82
80 88
80 97
80 100
80 103
80 106
80 107
80 108
80 117
80 122
80 123
80 124
80 127
80 128
80 131
80 137
80 138
80 140
80 141
80 143
80 144
80 145
80 149
80 154
80 160
80 161
80 162
80 164
80 166
80 169
80 174
80 179
80 180
80 188
80 191
80 195
80 196
80 197
81 11
81 15
81 17
81 20
81 25
81 29
81 32
81 34
81 35
81 39
81 43
81 46
81 51
81 54
81 58
81 60
81 61
81 62
81 64
81 75
81 78
81 81
81 83
81 86
81 95
81 97
81 98
81 101
81 102
81 105
81 107
81 111
81 113
81 114
81 115
81 117
81 118
81 119
81 120
81 122
81 124
81 125
81 130
81 131
81 133
81 144
81 150
81 151
81 154
81 159
81 160
81 165
81 167
81 168
81 169
81 170
81 179
81 182
81 184
81 186
81 189
81 194
82 0
82 2
82 3
82 4
82 6
82 7
82 9
82 13
82 15
82 16
82 23
82 25
82 28
82 30
82 32
82 34
82 37
82 39
82 40
82 49
82 54
82 58
82 61
82 64
82 68
82 74
82 77
82 78
82 79
82 82
82 98
82 99
82 103
82 104
82 105
82 107
82 110
82 116
82 117
82 120
82 126
82 139
82 140
82 141
82 143
82 145
82 146
82 147
82 158
82 159
82 164
82 166
82 167
82 168
82 171
82 174
82 176
82 182
82 191
82 192
82 195
82 196
82 198
83 3
83 7
83 8
83 11
83 14
83 21
83 22
83 23
83 27
83 37
83 40
83 48
83 51
83 59
83 61
83 66
83 68
83 69
83 72
83 73
83 77
83 81
83 83
83 84
83 85
83 88
83 89
83 91
83 98
83 100
83 105
83 106
83 115
83 119
83 121
83 122
83 124
83 126
83 129
83 130
83 131
83 132
83 140
83 142
83 146
83 149
83 156
83 157
83 162
83 166
83 167
83 168
83 176
83 177
83 180
83 184
83 197
84 0
84 6
84 12
84 13
84 18
84 21
84 22
84 25
84 31
84 32
84 33
84 35
84 36
84 38
84 42
84 43
84 46
84 49
84 50
84 54
84 65
84 69
84 71
84 75
84 80
84 85
84 87
84 89
84 91
84 96
84 100
84 102
84 104
84 109
84 110
84 113
84 115
84 119
84 121
84 126
84 127
84 130
84 132
84 134
84 141
84 144
84 150
84 158
84 167
84 174
84 175
84 186
84 189
84 190
84 193
84 195
84 197
84 198
85 0
85 1
85 2
85 3
85 5
85 7
85 9
85 10
85 12
85 16
85 17
85 18
85 19
85 20
85 21
85 23
85 24
85 26
85 27
85 28
85 33
85 38
85 40
85 44
85 45
85 48
85 50
85 55
85 56
85 58
85 64
85 65
85 69
85 73
85 75
85 79
85 80
85 81
85 84
85 86
85 88
85 90
85 95
85 99
85 105
85 113
85 114
85 118
85 123
85 124
85 131
85 132
85 134
85 136
85 138
85 139
85 142
85 153
85 164
85 169
85 170
85 171
85 174
85 177
85 179
85 180
85 185
85 187
85 188
85 190
85 193
85 195
86 2
86 6
86 8
86 16
86 18
86 19
86 24
86 35
86 40
86 41
86 43
86 44
86 47
86 48
86 58
86 59
86 63
86 65
86 66
86 70
86 71
86 72
86 73
86 75
86 77
86 94
86 96
86 106
86 112
86 118
86 123
86 130
86 132
86 142
86 147
86 149
86 154
86 156
86 157
86 159
86 163
86 166
86 168
86 171
86 172
86 173
86 180
86 187
86 188
86 191
86 195
86 196
86 197
87 0
87 1
87 2
87 5
87 9
87 13
87 16
87 20
87 23
87 33
87 35
87 50
87 53
87 59
87 64
87 70
87 75
87 76
87 84
87 90
87 94
87 98
87 99
87 103
87 110
87 115
87 116
87 119
87 121
87 122
87 123
87 132
87 133
87 136
87 139
87 143
87 144
87 153
87 156
87 159
87 169
87 174
87 188
87 190
87 191
87 195
87 198
87 199
88 2
88 4
88 5
88 10
88 12
88 17
88 21
88 24
88 26
88 30
88 34
88 35
88 36
88 38
88 41
88 47
88 51
88 53
88 54
88 56
88 57
88 59
88 60
88 61
88 63
88 70
88 72
88 74
88 82
88 86
88 91
88 100
88 103
88 114
88 117
88 120
88 123
88 124
88 125
88 128
88 129
88 131
88 136
88 137
88 143
88 145
88 148
88 150
88 151
88 152
88 163
88 164
88 165
88 166
88 167
88 175
88 179
88 189
88 192
88 193
88 194
88 196
88 198
89 1
89 2
89 9
89 10
89 19
89 23
89 27
89 28
89 31
89 33
89 36
89 37
89 40
89 46
89 55
89 57
89 61
89 64
89 68
89 77
89 81
89 85
89 86
89 87
89 89
89 92
89 93
89 94
89 100
89 104
89 112
89 122
89 126
89 129
89 130
89 136
89 137
89 138
89 139
89 142
89 143
89 150
89 155
89 164
89 173
89 174
89 175
89 176
89 179
89 183
89 187
89 192
89 197
89 199
90 5
90 7
90 11
90 18
90 23
90 27
90 28
90 33
90 40
90 43
90 49
90 50
90 52
90 54
90 61
90 67
90 73
90 79
90 80
90 83
90 89
90 94
90 95
90 96
90 98
90 100
90 107
90 110
90 113
90 115
90 117
90 118
90 120
90 125
90 126
90 127
90 128
90 130
90 132
90 134
90 136
90 138
90 145
90 147
90 148
90 150
90 152
90 157
90 158
90 166
90 167
90 170
90 173
90 174
90 178
90 179
90 184
90 185
90 186
90 195
90 197
90 198
91 2
91 8
91 10
91 11
91 12
91 13
91 16
91 19
91 22
91 31
91 35
91 38
91 41
91 42
91 43
91 45
91 55
91 56
91 60
91 68
91 72
91 75
91 80
91 81
91 84
91 86
91 90
91 92
91 101
91 103
91 111
91 116
91 117
91 118
91 119
91 120
91 126
91 128
91 131
91 132
91 139
91 140
91 146
91 149
91 151
91 152
91 154
91 156
91 159
91 163
91 164
91 166
91 169
91 170
91 172
91 174
91 175
91 176
91 177
91 178
91 179
91 181
91 184
91 189
91 190
91 191
91 194
92 1
92 2
92 6
92 11
92 12
92 13
92 14
92 15
92 17
92 19
92 20
92 22
92 25
92 26
92 32
92 35
92 41
92 42
92 43
92 46
92 48
92 50
92 52
92 59
92 60
92 63
92 66
92 78
92 91
92 94
92 95
92 105
92 108
92 113
92 116
92 118
92 120
92 121
92 124
92 130
92 133
92 143
92 147
92 153
92 156
92 158
92 161
92 164
92 165
92 166
92 174
92 186
92 187
92 190
92 192
92 194
92 196
93 0
93 1
93 2
93 7
93 9
93 12
93 13
93 14
93 18
93 25
93 28
93 31
93 33
93 36
93 38
93 41
93 42
93 45
93 47
93 48
93 51
93 57
93 58
93 60
93 64
93 68
93 73
93 79
93 86
93 87
93 89
93 91
93 95
93 102
93 103
93 116
93 124
93 127
93 131
93 133
93 134
93 136
93 146
93 147
93 148
93 150
93 152
93 155
93 162
93 171
93 173
93 177
93 178
93 179
93 180
93 181
93 182
93 185
93 189
93 191
93 194
93 195
93 199
94 2
94 4
94 5
94 7
94 9
94 12
94 14
94 19
94 23
94 29
94 40
94 41
94 42
94 49
94 51
94 54
94 55
94 58
94 60
94 65
94 69
94 72
94 75
94 77
94 79
94 90
94 92
94 94
94 95
94 104
94 106
94 109
94 111
94 113
94 115
94 121
94 123
94 127
94 138
94 139
94 142
94 145
94 149
94 161
94 162
94 164
94 168
94 174
94 177
94 179
94 186
94 187
94 190
94 193
94 199
95 4
95 10
95 12
95 20
95 24
95 25
95 37
95 38
95 41
95 50
95 52
95 59
95 62
95 63
95 67
95 68
95 69
95 75
95 76
95 78
95 79
95 83
95 84
95 87
95 89
95 90
95 92
95 94
95 95
95 105
95 108
95 110
95 114
95 115
95 123
95 127
95 128
95 130
95 131
95 132
95 138
95 139
95 144
95 165
95 167
95 170
95 172
95 174
95 177
95 178
95 179
95 184
95 189
95 199
96 2
96 5
96 10
96 11
96 13
96 14
96 19
96 21
96 24
96 29
96 30
96 33
96 34
96 35
96 38
96 41
96 42
96 60
96 63
96 74
96 75
96 84
96 88
96 89
96 95
96 97
96 101
96 102
96 104
96 105
96 113
96 116
96 120
96 122
96 125
96 128
96 131
96 139
96 140
96 141
96 143
96 144
96 146
96 154
96 156
96 160
96 163
96 164
96 166
96 168
96 170
96 175
96 177
96 182
96 191
96 195
97 1
97 4
97 5
97 7
97 10
97 12
97 15
97 16
97 17
97 22
97 29
97 38
97 39
97 42
97 47
97 48
97 55
97 60
97 62
97 63
97 69
97 74
97 75
97 86
97 87
97 89
97 90
97 92
97 93
97 94
97 95
97 98
97 107
97 114
97 118
97 122
97 124
97 127
97 128
97 129
97 132
97 137
97 138
97 139
97 140
97 144
97 145
97 146
97 149
97 154
97 156
97 157
97 161
97 163
97 168
97 169
97 172
97 176
97 179
97 180
97 181
97 185
97 186
97 188
97 190
98 1
98 2
98 8
98 10
98 11
98 18
98 24
98 26
98 30
98 31
98 32
98 37
98 38
98 44
98 47
98 49
98 51
98 52
98 56
98 62
98 65
98 67
98 76
98 79
98 85
98 86
98 88
98 91
98 93
98 94
98 95
98 103
98 115
98 119
98 125
98 128
98 130
98 131
98 132
98 133
98 134
98 140
98 144
98 149
98 161
98 164
98 165
98 167
98 168
98 170
98 171
98 176
98 177
98 178
98 179
98 181
98 182
98 189
98 192
98 193
98 195
99 0
99 1
99 3
99 5
99 6
99 7
99 8
99 9
99 12
99 13
99 15
99 17
99 21
99 26
99 30
99 31
99 32
99 33
99 34
99 39
99 42
99 43
99 44
99 46
99 51
99 59
99 60
99 66
99 73
99 78
99 80
99 82
99 90
99 93
99 97
99 112
99 113
99 116
99 122
99 130
99 133
99 136
99 137
99 139
99 141
99 142
99 148
99 153
99 156
99 158
99 159
99 163
99 164
99 168
99 175
99 177
99 179
99 181
99 183
99 189
99 190
99 198
100 9
100 12
100 14
100 15
100 17
100 18
100 20
100 22
100 36
100 38
100 41
100 43
100 48
100 50
100 52
100 53
100 55
100 57
100 58
100 59
100 62
100 63
100 65
100 67
100 69
100 70
100 72
100 73
100 75
100 76
100 80
100 81
100 83
100 84
100 86
100 98
100 99
100 100
100 108
100 109
100 110
100 111
100 114
100 116
100 117
100 119
100 126
100 127
100 128
100 133
100 135
100 139
100 141
100 145
100 148
100 152
100 154
100 157
100 159
100 161
100 166
100 167
100 173
100 176
100 177
100 182
100 184
100 191
100 192
100 193
100 196
101 2
101 4
101 18
101 19
101 22
101 29
101 33
101 34
101 41
101 42
101 50
101 54
101 56
101 57
101 63
101 65
101 67
101 73
101 75
101 76
101 78
101 82
101 84
101 85
101 87
101 90
101 93
101 98
101 101
101 102
101 103
101 105
101 106
101 108
101 110
101 113
101 118
101 127
101 129
101 131
101 135
101 139
101 151
101 156
101 160
101 163
101 167
101 168
101 172
101 181
101 183
101 188
101 191
101 195
102 1
102 5
102 9
102 12
102 15
102 20
102 22
102 24
102 31
102 32
102 36
102 43
102 45
102 51
102 53
102 56
102 58
102 60
102 62
102 67
102 73
102 74
102 75
102 77
102 79
102 81
102 82
102 83
102 86
102 88
102 89
102 90
102 92
102 94
102 99
102 103
102 105
102 111
102 112
102 115
102 122
102 125
102 129
102 131
102 132
102 134
102 139
102 144
102 146
102 152
102 155
102 156
102 161
102 162
102 163
102 173
102 181
102 183
102 196
103 14
103 17
103 21
103 24
103 25
103 26
103 28
103 31
103 32
103 34
103 38
103 48
103 51
103 55
103 60
103 61
103 62
103 67
103 77
103 80
103 82
103 84
103 87
103 97
103 98
103 99
103 106
103 108
103 126
103 128
103 129
103 130
103 132
103 136
103 139
103 140
103 141
103 148
103 151
103 153
103 164
103 168
103 169
103 178
103 180
103 183
103 185
103 188
103 194
103 196
103 199
104 3
104 5
104 7
104 8
104 9
104 12
104 16
104 22
104 23
104 25
104 33
104 39
104 41
104 44
104 52
104 56
104 60
104 65
104 66
104 72
104 75
104 79
104 82
104 93
104 97
104 98
104 99
104 106
104 111
104 113
104 118
104 122
104 126
104 127
104 128
104 129
104 133
104 138
104 139
104 144
104 145
104 146
104 147
104 158
104 166
104 167
104 170
104 175
104 179
104 180
104 186
104 189
104 190
104 195
104 196
104 198
105 6
105 14
105 21
105 29
105 36
105 37
105 42
105 47
105 51
105 52
105 59
105 61
105 62
105 64
105 66
105 71
105 73
105 74
105 75
105 78
105 80
105 81
105 85
105 89
105 90
105 91
105 93
105 94
105 97
105 99
105 100
105 101
105 103
105 104
105 105
105 111
105 115
105 118
105 120
105 121
105 122
105 127
105 128
105 130
105 131
105 132
105 135
105 139
105 146
105 148
105 151
105 153
105 154
105 159
105 161
105 163
105 164
105 166
105 170
105 177
105 181
105 185
105 186
105 189
105 190
105 192
105 196
106 4
106 8
106 10
106 13
106 16
106 17
106 20
106 21
106 25
106 28
106 30
106 32
106 35
106 36
106 38
106 44
106 68
106 76
106 78
106 81
106 82
106 85
106 87
106 90
106 98
106 99
106 100
106 109
106 114
106 117
106 121
106 123
106 125
106 126
106 127
106 130
106 131
106 133
106 137
106 146
106 147
106 150
106 156
106 163
106 166
106 171
106 174
106 181
106 189
106 190
106 191
106 196
107 0
107 1
107 2
107 3
107 4
107 5
107 8
107 9
107 11
107 15
107 17
107 18
107 21
107 26
107 27
107 31
107 34
107 40
107 43
107 45
107 46
107 49
107 50
107 54
107 62
107 64
107 72
107 73
107 75
107 76
107 77
107 80
107 84
107 85
107 89
107 98
107 102
107 104
107 107
107 108
107 109
107 110
107 116
107 118
107 121
107 131
107 135
107 138
107 146
107 147
107 149
107 152
107 153
107 155
107 158
107 159
107 166
107 175
107 177
107 179
107 180
107 182
107 186
107 188
107 190
107 193
107 195
108 0
108 5
108 6
108 10
108 11
108 13
108 22
108 31
108 33
108 34
108 35
108 36
108 47
108 52
108 54
108 64
108 66
108 69
108 72
108 80
108 81
108 86
108 92
108 93
108 94
108 96
108 101
108 105
108 106
108 109
108 114
108 116
108 119
108 121
108 124
108 126
108 127
108 135
108 137
108 145
108 150
108 151
108 155
108 156
108 158
108 160
108 164
108 165
108 166
108 167
108 169
108 173
108 174
108 176
108 178
108 181
108 183
108 185
108 187
108 190
108 198
109 2
109 4
109 10
109 13
109 17
109 18
109 20
109 21
109 24
109 26
109 30
109 33
109 37
109 41
109 47
109 48
109 49
109 53
109 57
109 65
109 66
109 72
109 73
109 78
109 79
109 87
109 88
109 90
109 91
109 100
109 103
109 106
109 109
109 110
109 111
109 117
109 120
109 123
109 134
109 135
109 140
109 141
109 143
109 148
109 154
109 157
109 158
109 160
109 162
109 166
109 170
109 174
109 175
109 176
109 178
109 179
109 183
109 185
109 186
109 187
109 192
109 194
109 196
109 197
110 0
110 2
110 5
110 7
110 27
110 28
110 29
110 36
110 38
110 42
110 52
110 56
110 57
110 59
110 72
110 76
110 77
110 79
110 82
110 85
110 87
110 88
110 91
110 92
110 94
110 100
110 102
110 107
110 110
110 116
110 121
110 123
110 124
110 136
110 146
110 149
110 154
110 166
110 167
110 180
110 196
110 198
110 199
111 0
111 3
111 6
111 12
111 13
111 18
111 19
111 23
111 24
111 38
111 43
111 53
111 54
111 56
111 60
111 62
111 71
111 75
111 76
111 77
111 78
111 80
111 82
111 89
111 92
111 94
111 96
111 99
111 108
111 110
111 111
111 112
111 121
111 124
111 125
111 127
111 129
111 131
111 139
111 143
111 144
111 145
111 151
111 152
111 153
111 155
111 156
111 162
111 163
111 164
111 166
111 167
111 169
111 170
111 176
111 177
111 185
111 192
111 196
112 2
112 4
112 6
112 9
112 10
112 16
112 20
112 33
112 38
112 42
112 43
112 44
112 45
112 47
112 63
112 64
112 70
112 72
112 73
112 75
112 78
112 82
112 86
112 89
112 90
112 100
112 104
112 106
112 107
112 109
112 110
112 117
112 124
112 126
112 127
112 128
112 130
112 132
112 133
112 134
112 136
112 137
112 142
112 146
112 149
112 153
112 158
112 159
112 160
112 164
112 165
112 170
112 175
112 180
112 184
112 189
112 193
112 194
112 198
112 199
113 2
113 11
113 13
113 19
113 30
113 39
113 43
113 45
113 46
113 52
113 56
113 57
113 66
113 71
113 77
113 83
113 87
113 91
113 95
113 99
113 101
113 103
113 105
113 106
113 114
113 120
113 123
113 124
113 125
113 129
113 130
113 131
113 134
113 135
113 136
113 141
113 149
113 151
113 152
113 158
113 160
113 163
113 164
113 165
113 169
113 170
113 174
113 179
113 182
113 185
113 196
114 10
114 16
114 17
114 21
114 29
114 33
114 36
114 39
114 44
114 53
114 54
114 57
114 59
114 61
114 62
114 63
114 65
114 66
114 70
114 71
114 80
114 81
114 88
114 89
114 91
114 101
114 104
114 109
114 112
114 113
114 125
114 126
114 129
114 131
114 134
114 136
114 139
114 143
114 144
114 151
114 155
114 157
114 159
114 164
114 167
114 172
114 173
114 174
114 175
114 176
114 181
114 186
114 191
114 199
115 7
115 20
115 22
115 24
115 26
115 29
115 33
115 35
115 39
115 41
115 44
115 46
115 48
115 51
115 56
115 58
115 63
115 67
115 72
115 83
115 84
115 85
115 87
115 89
115 90
115 95
115 103
115 104
115 106
115 108
115 111
115 113
115 118
115 120
115 125
115 128
115 130
115 131
115 135
115 136
115 139
115 143
115 147
115 148
115 152
115 154
115 156
115 157
115 159
115 160
115 162
115 164
115 167
115 169
115 172
115 173
115 176
115 177
115 181
115 185
115 193
115 198
116 1
116 5
116 7
116 15
116 16
116 17
116 19
116 21
116 29
116 34
116 39
116 40
116 50
116 57
116 60
116 61
116 62
116 63
116 64
116 66
116 68
116 69
116 71
116 73
116 75
116 76
116 77
116 81
116 85
116 86
116 87
116 88
116 94
116 104
116 105
116 107
116 108
116 110
116 111
116 119
116 129
116 133
116 149
116 150
116 152
116 155
116 157
116 158
116 161
116 162
116 165
116 171
116 172
116 181
116 182
116 183
116 185
116 186
116 189
116 193
116 194
116 196
116 197
116 199
117 2
117 6
117 9
117 11
117 20
117 29
117 38
117 39
117 45
117 50
117 52
117 53
117 62
117 64
117 68
117 72
117 75
117 81
117 89
117 93
117 94
117 96
117 98
117 99
117 100
117 101
117 102
117 103
117 106
117 109
117 110
117 111
117 119
117 120
117 123
117 125
117 126
117 127
117 138
117 143
117 144
117 146
117 147
117 149
117 151
117 154
117 155
117 156
117 165
117 166
117 167
117 171
117 172
117 178
117 180
117 185
117 188
117 190
117 192
118 6
118 8
118 10
118 12
118 16
118 18
118 25
118 27
118 28
118 29
118 32
118 33
118 36
118 37
118 42
118 43
118 49
118 52
118 57
118 60
118 61
118 65
118 66
118 68
118 71
118 72
118 78
118 79
118 81
118 83
118 85
118 87
118 94
118 95
118 96
118 100
118 101
118 102
118 104
118 105
118 111
118 118
118 123
118 124
118 126
118 135
118 140
118 141
118 143
118 148
118 150
118 152
118 153
118 154
118 155
118 156
118 158
118 159
118 161
118 162
118 163
118 174
118 176
118 177
118 179
118 180
118 181
118 184
118 190
118 192
118 197
118 199
119 2
119 5
119 6
119 7
119 8
119 9
119 12
119 18
119 19
119 25
119 28
119 34
119 35
119 39
119 40
119 46
119 51
119 54
119 61
119 63
119 66
119 74
119 78
119 82
119 84
119 85
119 91
119 92
119 93
119 97
119 99
119 104
119 108
119 113
119 116
119 117
119 120
119 121
119 126
119 127
119 129
119 130
119 134
119 135
119 140
119 141
119 142
119 146
119 150
119 151
119 152
119 160
119 165
119 174
119 175
119 178
119 180
119 181
119 182
119 184
119 188
119 191
119 192
119 196
119 197
119 199
120 3
120 6
120 10
120 19
120 21
120 25
120 30
120 40
120 41
120 46
120 54
120 58
120 61
120 64
120 72
120 74
120 77
120 78
120 81
120 91
120 94
120 99
120 102
120 110
120 112
120 118
120 119
120 120
120 125
120 127
120 129
120 130
120 133
120 146
120 150
120 156
120 157
120 166
120 168
120 170
120 174
120 176
120 179
120 188
120 199
121 9
121 10
121 11
121 12
121 15
121 21
121 22
121 28
121 31
121 32
121 34
121 38
121 39
121 45
121 48
121 50
121 51
121 54
121 55
121 64
121 65
121 66
121 68
121 70
121 71
121 72
121 74
121 77
121 79
121 81
121 86
121 87
121 92
121 93
121 96
121 99
121 101
121 102
121 110
121 112
121 114
121 119
121 120
121 121
121 122
121 123
121 128
121 129
121 137
121 140
121 144
121 148
121 149
121 154
121 156
121 157
121 161
121 166
121 168
121 173
121 178
121 182
121 183
121 185
121 186
121 188
121 196
121 198
122 3
122 7
122 10
122 12
122 21
122 24
122 25
122 26
122 28
122 35
122 39
122 41
122 42
122 47
122 48
122 53
122 56
122 59
122 62
122 64
122 70
122 75
122 77
122 98
122 103
122 106
122 107
122 109
122 110
122 115
122 121
122 123
122 124
122 126
122 129
122 130
122 137
122 138
122 140
122 144
122 146
122 151
122 161
122 162
122 163
122 177
122 180
122 183
122 184
122 196
122 198
123 1
123 12
123 16
123 19
123 21
123 23
123 26
123 36
123 37
123 38
123 42
123 43
123 44
123 45
123 46
123 53
123 55
123 63
123 66
123 70
123 71
123 74
123 83
123 86
123 89
123 90
123 93
123 99
123 100
123 103
123 111
123 114
123 117
123 123
123 125
123 126
123 127
123 130
123 131
123 132
123 134
123 137
123 139
123 148
123 149
123 154
123 161
123 162
123 163
123 165
123 171
123 172
123 174
123 176
123 177
123 181
123 182
123 185
123 192
123 193
123 197
124 0
124 1
124 6
124 9
124 10
124 11
124 14
124 17
124 20
124 22
124 26
124 28
124 31
124 32
124 35
124 36
124 38
124 40
124 43
124 46
124 47
124 51
124 55
124 58
124 60
124 61
124 62
124 66
124 73
124 82
124 84
124 86
124 87
124 88
124 94
124 99
124 100
124 109
124 110
124 111
124 120
124 122
124 125
124 129
124 133
124 134
124 136
124 139
124 145
124 148
124 151
124 157
124 163
124 165
124 173
124 184
124 188
124 192
124 195
124 198
125 0
125 7
125 8
125 15
125 19
125 22
125 24
125 26
125 31
125 32
125 34
125 39
125 45
125 49
125 50
125 51
125 54
125 55
125 56
125 57
125 59
125 61
125 62
125 64
125 66
125 71
125 72
125 74
125 76
125 83
125 85
125 86
125 87
125 88
125 90
125 92
125 99
125 102
125 104
125 106
125 109
125 111
125 114
125 121
125 125
125 134
125 135
125 137
125 141
125 142
125 144
125 147
125 149
125 154
125 160
125 161
125 162
125 164
125 168
125 174
125 177
125 178
125 182
125 186
125 187
125 189
125 191
125 193
125 195
125 196
126 1
126 2
126 3
126 4
126 5
126 7
126 11
126 14
126 18
126 32
126 34
126 36
126 39
126 43
126 47
126 48
126 51
126 52
126 53
126 63
126 66
126 68
126 70
126 71
126 87
126 89
126 91
126 94
126 95
126 102
126 108
126 109
126 112
126 113
126 114
126 115
126 118
126 119
126 121
126 122
126 123
126 124
126 130
126 135
126 137
126 139
126 141
126 142
126 143
126 145
126 149
126 158
126 160
126 164
126 167
126 172
126 175
126 179
126 181
126 189
126 191
126 192
126 195
126 196
126 197
126 198
126 199
127 1
127 2
127 4
127 8
127 11
127 13
127 15
127 22
127 24
127 27
127 28
127 35
127 40
127 41
127 46
127 50
127 56
127 57
127 58
127 74
127 88
127 92
127 96
127 101
127 105
127 116
127 121
127 122
127 124
127 127
127 131
127 139
127 141
127 145
127 146
127 150
127 151
127 158
127 159
127 161
127 162
127 163
127 167
127 170
127 172
127 175
127 177
127 182
127 185
127 186
127 189
128 1
128 3
128 10
128 11
128 12
128 26
128 28
128 30
128 31
128 32
128 34
128 38
128 39
128 40
128 41
128 44
128 51
128 54
128 56
128 57
128 58
128 61
128 62
128 70
128 76
128 81
128 86
128 90
128 91
128 99
128 102
128 103
128 104
128 107
128 109
128 112
128 113
128 118
128 124
128 127
128 133
128 137
128 140
128 147
128 154
128 156
128 159
128 161
128 162
128 164
128 165
128 166
128 167
128 170
128 175
128 178
128 184
128 187
128 189
128 195
128 196
128 198
129 9
129 10
129 14
129 22
129 27
129 28
129 31
129 33
129 38
129 39
129 47
129 49
129 51
129 52
129 58
129 61
129 63
129 69
129 72
129 77
129 78
129 79
129 80
129 81
129 84
129 90
129 92
129 93
129 96
129 100
129 105
129 106
129 108
129 119
129 126
129 127
129 128
129 130
129 131
129 132
129 134
129 135
129 139
129 146
129 150
129 159
129 160
129 162
129 163
129 168
129 169
129 170
129 172
129 176
129 177
129 179
129 180
129 183
129 184
129 185
129 188
129 189
129 191
129 193
129 194
129 195
129 198
130 13
130 14
130 15
130 16
130 26
130 30
130 33
130 40
130 41
130 44
130 47
130 49
130 55
130 59
130 62
130 72
130 73
130 78
130 82
130 83
130 87
130 89
130 91
130 92
130 94
130 95
130 104
130 108
130 119
130 120
130 121
130 124
130 127
130 128
130 139
130 142
130 143
130 144
130 145
130 150
130 155
130 159
130 160
130 162
130 169
130 171
130 173
130 174
130 176
130 182
130 186
130 191
130 194
130 197
131 7
131 8
131 10
131 14
131 19
131 22
131 23
131 25
131 29
131 32
131 33
131 36
131 37
131 54
131 64
131 65
131 66
131 69
131 72
131 74
131 77
131 79
131 81
131 82
131 85
131 103
131 105
131 106
131 113
131 114
131 115
131 116
131 120
131 123
131 124
131 128
131 129
131 131
131 132
131 135
131 136
131 138
131 142
131 143
131 151
131 152
131 155
131 157
131 163
131 166
131 171
131 172
131 178
131 182
131 183
131 184
131 189
131 191
131 197
132 3
132 5
132 8
132 11
132 12
132 14
132 17
132 21
132 24
132 25
132 27
132 38
132 39
132 43
132 49
132 50
132 57
132 58
132 60
132 61
132 62
132 63
132 78
132 79
132 87
132 89
132 100
132 109
132 112
132 118
132 122
132 125
132 128
132 129
132 130
132 131
132 132
132 133
132 134
132 136
132 137
132 139
132 140
132 141
132 144
132 145
132 147
132 149
132 151
132 154
132 155
132 170
132 173
132 174
132 175
132 176
132 177
132 179
132 185
132 190
132 192
132 193
132 196
132 198
132 199
133 6
133 7
133 11
133 12
133 13
133 14
133 15
133 21
133 23
133 24
133 28
133 29
133 34
133 38
133 43
133 50
133 51
133 58
133 63
133 68
133 69
133 71
133 75
133 76
133 84
133 94
133 97
133 98
133 100
133 103
133 105
133 113
133 120
133 122
133 124
133 129
133 137
133 138
133 142
133 143
133 147
133 148
133 149
133 150
133 154
133 156
133 157
133 172
133 173
133 178
133 183
133 190
133 192
133 196
134 0
134 2
134 3
134 4
134 7
134 9
134 15
134 24
134 27
134 30
134 36
134 41
134 43
134 44
134 46
134 51
134 53
134 55
134 56
134 62
134 63
134 68
134 74
134 81
134 82
134 85
134 88
134 92
134 94
134 104
134 105
134 107
134 113
134 114
134 117
134 120
134 122
134 123
134 125
134 132
134 137
134 138
134 141
134 148
134 149
134 159
134 160
134 161
134 169
134 180
134 183
134 189
134 191
134 193
134 195
134 196
135 3
135 8
135 9
135 14
135 15
135 20
135 21
135 28
135 30
135 31
135 34
135 43
135 49
135 51
135 53
135 55
135 58
135 59
135 60
135 61
135 62
135 63
135 64
135 65
135 71
135 82
135 93
135 96
135 97
135 99
135 102
135 108
135 112
135 122
135 125
135 126
135 137
135 138
135 139
135 140
135 142
135 143
135 144
135 145
135 148
135 154
135 155
135 156
135 164
135 169
135 170
135 172
135 175
135 176
135 179
135 181
135 186
135 196
136 6
136 9
136 10
136 14
136 16
136 19
136 27
136 29
136 35
136 36
136 42
136 48
136 50
136 58
136 70
136 71
136 73
136 74
136 77
136 82
136 87
136 88
136 90
136 92
136 95
136 96
136 97
136 98
136 102
136 111
136 113
136 120
136 121
136 123
136 128
136 129
136 131
136 134
136 135
136 137
136 139
136 140
136 146
136 147
136 148
136 153
136 156
136 158
136 160
136 165
136 166
136 167
136 169
136 172
136 173
136 176
136 178
136 182
136 183
136 187
136 188
136 193
137 5
137 7
137 10
137 14
137 16
137 20
137 21
137 25
137 33
137 37
137 38
137 40
137 52
137 54
137 55
137 57
137 60
137 69
137 74
137 77
137 79
137 81
137 82
137 88
137 91
137 92
137 94
137 96
137 98
137 99
137 102
137 103
137 104
137 114
137 122
137 123
137 124
137 128
137 129
137 130
137 131
137 132
137 136
137 138
137 143
137 145
137 148
137 158
137 164
137 170
137 176
137 181
137 186
137 187
137 190
137 198
138 1
138 5
138 9
138 13
138 20
138 21
138 23
138 26
138 28
138 29
138 33
138 37
138 43
138 44
138 46
138 48
138 50
138 53
138 54
138 55
138 56
138 57
138 58
138 59
138 60
138 68
138 69
138 70
138 73
138 78
138 79
138 87
138 92
138 98
138 101
138 102
138 103
138 104
138 108
138 110
138 116
138 117
138 122
138 125
138 129
138 131
138 133
138 136
138 137
138 138
138 139
138 146
138 147
138 154
138 160
138 162
138 163
138 166
138 168
138 170
138 171
138 173
138 174
138 175
138 177
138 180
138 183
138 185
138 188
138 194
138 199
139 1
139 4
139 5
139 6
139 7
139 8
139 9
139 16
139 18
139 21
139 28
139 36
139 38
139 42
139 45
139 56
139 57
139 58
139 59
139 63
139 64
139 68
139 69
139 72
139 73
139 74
139 78
139 81
139 89
139 90
139 91
139 92
139 93
139 98
139 101
139 103
139 104
139 107
139 108
139 114
139 115
139 119
139 120
139 121
139 125
139 134
139 138
139 139
139 144
139 146
139 148
139 154
139 157
139 164
139 166
139 174
139 179
139 181
139 184
139 191
139 197
140 1
140 2
140 4
140 10
140 11
140 13
140 22
140 27
140 30
140 32
140 34
140 35
140 41
140 43
140 46
140 49
140 51
140 65
140 68
140 70
140 76
140 77
140 78
140 81
140 83
140 87
140 90
140 94
140 98
140 99
140 100
140 107
140 108
140 109
140 111
140 114
140 116
140 117
140 122
140 128
140 134
140 135
140 145
140 150
140 154
140 155
140 159
140 166
140 167
140 168
140 169
140 174
140 176
140 183
140 187
140 192
140 193
140 197
140 199
141 0
141 2
141 4
141 5
141 16
141 17
141 21
141 25
141 30
141 36
141 41
141 44
141 45
141 49
141 54
141 58
141 61
141 63
141 64
141 67
141 70
141 71
141 77
141 81
141 82
141 86
141 87
141 89
141 95
141 96
141 99
141 105
141 112
141 115
141 121
141 123
141 124
141 126
141 129
141 133
141 139
141 142
141 155
141 156
141 158
141 160
141 163
141 164
141 167
141 170
141 172
141 174
141 177
141 186
141 195
141 197
142 0
142 2
142 3
142 9
142 20
142 23
142 24
142 25
142 26
142 28
142 30
142 31
142 40
142 44
142 45
142 49
142 58
142 59
142 60
142 61
142 63
142 66
142 69
142 76
142 81
142 83
142 88
142 91
142 95
142 97
142 102
142 105
142 107
142 108
142 111
142 116
142 118
142 119
142 126
142 130
142 132
142 133
142 139
142 143
142 151
142 153
142 154
142 159
142 161
142 162
142 164
142 165
142 168
142 172
142 180
142 194
143 1
143 9
143 11
143 19
143 20
143 22
143 26
143 27
143 28
143 30
143 32
143 36
143 37
143 38
143 40
143 59
143 60
143 63
143 67
143 69
143 70
143 71
143 72
143 77
143 81
143 85
143 86
143 90
143 92
143 93
143 96
143 98
143 103
143 105
143 107
143 110
143 112
143 126
143 127
143 138
143 140
143 156
143 158
143 163
143 164
143 168
143 169
143 174
143 177
143 178
143 186
143 189
143 193
143 196
143 198
144 1
144 2
144 7
144 12
144 14
144 19
144 21
144 22
144 23
144 24
144 27
144 29
144 32
144 36
144 44
144 45
144 47
144 48
144 49
144 50
144 53
144 58
144 61
144 62
144 66
144 71
144 73
144 76
144 82
144 85
144 87
144 88
144 89
144 93
144 94
144 108
144 109
144 113
144 114
144 115
144 116
144 117
144 121
144 130
144 131
144 133
144 136
144 137
144 139
144 144
144 145
144 149
144 156
144 157
144 158
144 159
144 164
144 166
144 167
144 170
144 175
144 176
144 184
144 185
144 187
144 194
144 195
144 199
145 5
145 16
145 18
145 28
145 29
145 32
145 33
145 35
145 37
145 38
145 39
145 46
145 49
145 54
145 58
145 62
145 66
145 73
145 75
145 77
145 84
145 85
145 90
145 102
145 105
145 106
145 110
145 111
145 113
145 120
145 132
145 135
145 139
145 144
145 145
145 146
145 147
145 149
145 150
145 154
145 156
145 157
145 161
145 163
145 164
145 168
145 170
145 173
145 175
145 176
145 178
145 180
145 183
145 188
145 189
145 190
145 193
145 196
145 198
146 0
146 6
146 10
146 11
146 12
146 15
146 18
146 19
146 20
146 24
146 25
146 28
146 33
146 44
146 45
146 48
146 53
146 54
146 56
146 61
146 70
146 82
146 83
146 85
146 88
146 89
146 97
146 101
146 103
146 106
146 107
146 112
146 115
146 121
146 122
146 130
146 135
146 136
146 140
146 166
146 174
146 177
146 184
146 188
146 197
147 1
147 7
147 12
147 14
147 15
147 22
147 28
147 37
147 44
147 47
147 48
147 56
147 63
147 66
147 68
147 72
147 79
147 84
147 94
147 97
147 98
147 99
147 106
147 108
147 110
147 118
147 119
147 123
147 124
147 130
147 139
147 140
147 142
147 143
147 151
147 155
147 156
147 157
147 158
147 161
147 169
147 176
147 177
147 184
147 186
147 188
147 192
147 193
147 199
148 5
148 8
148 12
148 13
148 15
148 17
148 19
148 25
148 27
148 30
148 34
148 35
148 37
148 38
148 39
148 44
148 51
148 55
148 57
148 62
148 63
148 69
148 72
148 76
148 77
148 78
148 79
148 80
148 84
148 86
148 88
148 97
148 100
148 104
148 105
148 112
148 114
148 116
148 121
148 122
148 125
148 126
148 132
148 140
148 142
148 147
148 149
148 153
148 154
148 156
148 158
148 160
148 162
148 163
148 180
148 182
148 187
148 190
148 191
148 195
148 198
149 5
149 11
149 18
149 19
149 25
149 27
149 30
149 31
149 32
149 38
149 39
149 41
149 43
149 47
149 48
149 52
149 56
149 58
149 60
149 63
149 64
149 67
149 69
149 71
149 76
149 80
149 82
149 83
149 87
149 88
149 92
149 93
149 96
149 101
149 104
149 109
149 112
149 124
149 125
149 128
149 129
149 132
149 133
149 136
149 141
149 152
149 157
149 161
149 167
149 177
149 178
149 182
149 183
149 185
149 190
149 192
149 198
150 2
150 18
150 22
150 23
150 24
150 26
150 27
150 31
150 33
150 41
150 42
150 46
150 50
150 53
150 59
150 60
150 63
150 66
150 72
150 82
150 83
150 87
150 89
150 98
150 100
150 104
150 105
150 106
150 107
150 112
150 116
150 119
150 122
150 126
150 130
150 131
150 136
150 137
150 139
150 142
150 144
150 153
150 154
150 158
150 161
150 169
150 170
150 171
150 174
150 179
150 184
150 187
150 190
150 191
150 192
150 194
150 195
151 2
151 10
151 16
151 17
151 22
151 24
151 26
151 28
151 30
151 34
151 38
151 39
151 40
151 41
151 44
151 47
151 49
151 50
151 52
151 53
151 58
151 63
151 68
151 70
151 77
151 85
151 87
151 94
151 96
151 100
151 101
151 102
151 112
151 120
151 122
151 123
151 128
151 133
151 135
151 136
151 141
151 147
151 150
151 158
151 160
151 162
151 165
151 172
151 175
151 185
151 190
151 191
151 193
152 0
152 1
152 2
152 5
152 6
152 9
152 10
152 11
152 15
152 17
152 19
152 24
152 26
152 32
152 35
152 38
152 42
152 44
152 50
152 51
152 55
152 74
152 79
152 80
152 84
152 86
152 87
152 91
152 94
152 101
152 102
152 106
152 107
152 110
152 116
152 119
152 122
152 123
152 127
152 129
152 132
152 133
152 134
152 136
152 138
152 139
152 141
152 142
152 146
152 148
152 150
152 151
152 152
152 154
152 155
152 159
152 160
152 161
152 163
152 164
152 165
152 166
152 171
152 175
152 177
152 179
152 181
152 185
152 190
152 192
152 197
153 2
153 7
153 10
153 11
153 13
153 14
153 17
153 18
153 20
153 25
153 39
153 44
153 47
153 50
153 54
153 64
153 70
153 77
153 79
153 82
153 86
153 88
153 89
153 97
153 109
153 110
153 111
153 119
153 129
153 130
153 131
153 133
153 144
153 150
153 154
153 156
153 158
153 159
153 161
153 163
153 164
153 167
153 168
153 170
153 175
153 179
153 181
153 182
153 192
154 4
154 5
154 8
154 10
154 15
154 16
154 18
154 21
154 24
154 28
154 33
154 35
154 37
154 47
154 48
154 52
154 60
154 61
154 64
154 65
154 66
154 67
154 74
154 76
154 84
154 86
154 94
154 98
154 104
154 107
154 113
154 115
154 119
154 120
154 122
154 125
154 126
154 133
154 135
154 140
154 143
154 146
154 147
154 153
154 158
154 159
154 162
154 169
154 170
154 172
154 175
154 181
154 182
154 185
154 190
154 194
154 196
154 197
154 198
154 199
155 4
155 7
155 10
155 11
155 21
155 28
155 34
155 38
155 43
155 49
155 51
155 53
155 55
155 56
155 59
155 60
155 62
155 63
155 64
155 66
155 68
155 74
155 75
155 76
155 79
155 80
155 89
155 91
155 94
155 97
155 100
155 101
155 102
155 107
155 112
155 114
155 118
155 121
155 124
155 127
155 135
155 137
155 139
155 140
155 143
155 147
155 150
155 153
155 156
155 160
155 164
155 165
155 176
155 178
155 186
155 187
155 188
155 194
155 198
156 6
156 7
156 10
156 23
156 35
156 37
156 39
156 41
156 42
156 47
156 49
156 50
156 52
156 54
156 58
156 59
156 61
156 68
156 71
156 79
156 83
156 84
156 86
156 90
156 91
156 92
156 93
156 96
156 98
156 102
156 105
156 106
156 110
156 111
156 112
156 114
156 115
156 118
156 119
156 122
156 123
156 125
156 132
156 134
156 135
156 137
156 138
156 141
156 143
156 148
156 156
156 159
156 161
156 167
156 168
156 171
156 172
156 182
156 187
156 190
156 197
156 198
157 9
157 12
157 14
157 21
157 22
157 31
157 32
157 33
157 36
157 37
157 40
157 42
157 49
157 52
157 55
157 57
157 60
157 64
157 66
157 69
157 70
157 73
157 79
157 84
157 88
157 92
157 93
157 102
157 104
157 105
157 109
157 110
157 115
157 116
157 117
157 119
157 126
157 128
157 129
157 131
157 133
157 137
157 143
157 144
157 147
157 150
157 155
157 156
157 157
157 159
157 160
157 164
157 166
157 168
157 169
157 177
157 178
157 179
157 186
157 189
157 190
157 193
157 196
158 7
158 14
158 16
158 25
158 29
158 31
158 33
158 36
158 37
158 38
158 39
158 40
158 41
158 45
158 46
158 57
158 58
158 63
158 65
158 67
158 68
158 69
158 70
158 74
158 76
158 79
158 82
158 88
158 89
158 93
158 95
158 100
158 105
158 108
158 111
158 113
158 118
158 124
158 125
158 126
158 127
158 128
158 139
158 143
158 145
158 150
158 152
158 158
158 159
158 162
158 163
158 166
158 167
158 168
158 169
158 172
158 180
158 181
158 184
158 189
158 190
158 193
158 194
158 195
159 3
159 12
159 13
159 15
159 17
159 18
159 19
159 20
159 22
159 28
159 31
159 32
159 33
159 35
159 36
159 46
159 48
159 60
159 62
159 73
159 74
159 79
159 83
159 86
159 88
159 90
159 94
159 96
159 101
159 103
159 105
159 118
159 128
159 129
159 130
159 133
159 134
159 137
159 139
159 149
159 150
159 152
159 154
159 157
159 169
159 175
159 176
159 179
159 186
159 187
159 190
159 194
159 196
159 199
160 1
160 6
160 12
160 16
160 19
160 22
160 30
160 36
160 41
160 42
160 45
160 54
160 55
160 56
160 58
160 60
160 62
160 63
160 66
160 68
160 70
160 73
160 83
160 84
160 89
160 91
160 94
160 98
160 101
160 104
160 108
160 109
160 110
160 111
160 112
160 122
160 125
160 131
160 135
160 136
160 138
160 140
160 142
160 146
160 147
160 151
160 153
160 155
160 158
160 163
160 164
160 167
160 169
160 171
160 172
160 178
160 180
160 184
160 186
160 188
160 189
160 194
161 1
161 2
161 6
161 7
161 11
161 12
161 15
161 17
161 29
161 32
161 35
161 37
161 39
161 44
161 45
161 49
161 65
161 69
161 74
161 77
161 78
161 80
161 82
161 85
161 90
161 93
161 95
161 98
161 108
161 109
161 111
161 116
161 120
161 121
161 122
161 123
161 127
161 128
161 129
161 133
161 137
161 142
161 143
161 144
161 145
161 147
161 149
161 155
161 160
161 171
161 172
161 173
161 174
161 179
161 182
161 184
161 196
162 0
162 7
162 8
162 10
162 18
162 19
162 23
162 32
162 33
162 35
162 36
162 38
162 39
162 47
162 54
162 62
162 64
162 67
162 68
162 75
162 78
162 80
162 81
162 84
162 85
162 93
162 94
162 97
162 101
162 103
162 104
162 105
162 106
162 109
162 110
162 118
162 121
162 124
162 128
162 130
162 133
162 138
162 139
162 140
162 141
162 142
162 143
162 147
162 149
162 150
162 161
162 163
162 166
162 170
162 178
162 179
162 194
162 197
163 1
163 5
163 6
163 9
163 11
163 12
163 15
163 18
163 19
163 22
163 26
163 27
163 28
163 30
163 37
163 40
163 49
163 51
163 53
163 54
163 55
163 56
163 61
163 66
163 68
163 73
163 74
163 76
163 80
163 82
163 83
163 84
163 86
163 87
163 91
163 92
163 97
163 101
163 107
163 108
163 111
163 113
163 114
163 115
163 116
163 119
163 123
163 131
163 133
163 134
163 135
163 138
163 141
163 143
163 144
163 146
163 151
163 153
163 156
163 158
163 160
163 167
163 177
163 179
163 181
163 183
163 189
163 198
163 199
164 2
164 5
164 8
164 11
164 12
164 19
164 20
164 25
164 31
164 34
164 46
164 49
164 51
164 56
164 62
164 66
164 73
164 75
164 78
164 82
164 86
164 90
164 91
164 93
164 98
164 101
164 107
164 108
164 112
164 114
164 117
164 120
164 125
164 127
164 136
164 141
164 144
164 145
164 147
164 148
164 149
164 150
164 156
164 162
164 163
164 164
164 168
164 171
164 174
164 185
164 188
164 190
164 191
164 192
164 193
164 195
165 2
165 4
165 5
165 13
165 16
165 17
165 20
165 31
165 32
165 34
165 38
165 39
165 42
165 45
165 49
165 52
165 53
165 57
165 61
165 62
165 68
165 70
165 71
165 72
165 78
165 83
165 85
165 96
165 102
165 105
165 107
165 110
165 113
165 115
165 120
165 125
165 128
165 135
165 138
165 146
165 148
165 151
165 152
165 153
165 155
165 159
165 160
165 164
165 169
165 174
165 175
165 176
165 177
165 186
165 199
166 5
166 15
166 19
166 20
166 21
166 22
166 24
166 27
166 29
166 37
166 39
166 45
166 48
166 50
166 51
166 56
166 58
166 61
166 71
166 76
166 78
166 79
166 84
166 85
166 94
166 95
166 101
166 105
166 110
166 116
166 118
166 120
166 122
166 124
166 127
166 128
166 130
166 131
166 132
166 133
166 136
166 137
166 140
166 141
166 143
166 154
166 155
166 157
166 158
166 160
166 162
166 164
166 165
166 167
166 170
166 173
166 175
166 179
166 183
166 186
166 188
166 191
166 196
167 4
167 5
167 7
167 10
167 17
167 21
167 23
167 24
167 27
167 29
167 33
167 50
167 52
167 53
167 61
167 63
167 66
167 81
167 83
167 85
167 86
167 89
167 90
167 92
167 98
167 102
167 103
167 104
167 110
167 113
167 117
167 123
167 125
167 126
167 136
167 139
167 141
167 142
167 145
167 146
167 148
167 149
167 151
167 156
167 157
167 159
167 163
167 169
167 172
167 175
167 176
167 182
167 187
167 189
167 193
168 5
168 8
168 16
168 18
168 20
168 22
168 29
168 30
168 38
168 39
168 40
168 47
168 52
168 54
168 60
168 62
168 66
168 69
168 72
168 78
168 82
168 88
168 91
168 92
168 95
168 97
168 99
168 100
168 105
168 107
168 109
168 110
168 112
168 113
168 114
168 117
168 118
168 120
168 122
168 127
168 134
168 140
168 152
168 156
168 158
168 159
168 164
168 165
168 166
168 172
168 175
168 183
168 188
168 190
168 196
169 14
169 18
169 22
169 31
169 34
169 36
169 44
169 46
169 47
169 49
169 50
169 51
169 61
169 63
169 64
169 70
169 72
169 73
169 77
169 79
169 85
169 87
169 88
169 89
169 96
169 98
169 99
169 110
169 112
169 113
169 114
169 117
169 119
169 122
169 126
169 128
169 130
169 132
169 133
169 136
169 137
169 149
169 151
169 155
169 160
169 161
169 165
169 169
169 172
169 173
169 182
169 189
170 2
170 3
170 9
170 15
170 17
170 24
170 30
170 31
170 34
170 35
170 36
170 37
170 41
170 42
170 44
170 46
170 48
170 50
170 56
170 62
170 63
170 64
170 65
170 68
170 72
170 77
170 83
170 84
170 87
170 88
170 91
170 92
170 97
170 100
170 103
170 112
170 115
170 117
170 119
170 125
170 126
170 129
170 130
170 133
170 136
170 142
170 145
170 163
170 167
170 169
170 173
170 177
170 179
170 181
170 182
170 189
170 193
170 199
171 2
171 5
171 7
171 10
171 18
171 20
171 25
171 37
171 38
171 40
171 43
171 44
171 45
171 46
171 52
171 62
171 66
171 67
171 68
171 69
171 71
171 77
171 78
171 80
171 81
171 83
171 86
171 87
171 90
171 92
171 95
171 98
171 100
171 106
171 111
171 115
171 120
171 124
171 131
171 140
171 141
171 147
171 148
171 153
171 155
171 156
171 157
171 158
171 164
171 168
171 171
171 173
171 186
171 187
171 188
172 8
172 12
172 15
172 17
172 22
172 23
172 24
172 27
172 29
172 30
172 32
172 40
172 41
172 44
172 46
172 48
172 49
172 50
172 53
172 57
172 61
172 63
172 69
172 71
172 74
172 83
172 85
172 87
172 93
172 94
172 100
172 102
172 106
172 117
172 120
172 121
172 126
172 129
172 130
172 136
172 137
172 139
172 140
172 142
172 144
172 147
172 149
172 151
172 152
172 154
172 157
172 161
172 162
172 163
172 164
172 171
172 177
172 178
172 179
172 186
172 187
172 193
172 195
172 196
172 197
172 198
173 1
173 5
173 7
173 8
173 13
173 17
173 18
173 20
173 24
173 25
173 31
173 32
173 35
173 37
173 43
173 49
173 52
173 53
173 62
173 65
173 66
173 69
173 75
173 81
173 82
173 85
173 90
173 100
173 102
173 103
173 105
173 108
173 109
173 114
173 116
173 120
173 122
173 125
173 128
173 130
173 140
173 151
173 152
173 158
173 159
173 163
173 164
173 165
173 167
173 179
173 180
173 184
173 186
173 193
173 196
173 197
173 199
174 10
174 14
174 15
174 16
174 17
174 21
174 28
174 29
174 31
174 43
174 49
174 50
174 51
174 52
174 53
174 54
174 63
174 64
174 66
174 67
174 68
174 69
174 83
174 88
174 89
174 93
174 101
174 105
174 110
174 111
174 112
174 114
174 117
174 126
174 128
174 129
174 130
174 134
174 135
174 138
174 141
174 143
174 144
174 145
174 147
174 150
174 152
174 154
174 157
174 159
174 164
174 165
174 167
174 168
174 172
174 173
174 174
174 175
174 178
174 180
174 184
174 186
174 199
175 1
175 6
175 7
175 10
175 12
175 13
175 16
175 19
175 22
175 30
175 31
175 35
175 39
175 40
175 43
175 47
175 49
175 50
175 56
175 60
175 62
175 65
175 66
175 67
175 72
175 74
175 80
175 82
175 84
175 86
175 92
175 97
175 100
175 106
175 107
175 112
175 116
175 117
175 120
175 125
175 126
175 134
175 135
175 138
175 141
175 142
175 144
175 145
175 147
175 154
175 156
175 158
175 162
175 164
175 168
175 171
175 174
175 178
175 182
175 185
175 188
175 196
175 197
176 0
176 1
176 4
176 6
176 8
176 15
176 17
176 18
176 32
176 37
176 40
176 42
176 45
176 51
176 53
176 55
176 56
176 58
176 60
176 61
176 63
176 65
176 71
176 72
176 75
176 81
176 89
176 91
176 92
176 95
176 96
176 99
176 105
176 106
176 109
176 110
176 112
176 113
176 114
176 121
176 122
176 126
176 127
176 131
176 135
176 138
176 141
176 142
176 150
176 155
176 160
176 162
176 165
176 166
176 168
176 169
176 172
176 174
176 185
176 186
176 194
176 195
176 196
177 5
177 16
177 18
177 23
177 26
177 28
177 29
177 35
177 37
177 43
177 44
177 46
177 48
177 53
177 59
177 60
177 64
177 72
177 82
177 86
177 87
177 89
177 90
177 98
177 99
177 102
177 104
177 106
177 117
177 119
177 129
177 130
177 131
177 133
177 141
177 147
177 148
177 149
177 161
177 162
177 164
177 166
177 172
177 176
177 183
177 185
177 190
177 192
177 195
177 198
177 199
178 0
178 1
178 4
178 7
178 15
178 16
178 19
178 22
178 28
178 29
178 32
178 35
178 36
178 38
178 40
178 43
178 49
178 50
178 55
178 56
178 57
178 60
178 66
178 71
178 76
178 80
178 84
178 87
178 88
178 91
178 102
178 107
178 108
178 109
178 118
178 120
178 122
178 123
178 125
178 127
178 128
178 131
178 133
178 134
178 136
178 137
178 144
178 149
178 151
178 152
178 155
178 156
178 164
178 166
178 167
178 170
178 177
178 188
178 189
178 190
178 191
179 2
179 8
179 12
179 13
179 14
179 16
179 24
179 27
179 37
179 38
179 40
179 43
179 45
179 47
179 49
179 51
179 61
179 71
179 74
179 80
179 84
179 85
179 89
179 96
179 97
179 110
179 111
179 113
179 115
179 117
179 118
179 121
179 127
179 128
179 130
179 134
179 136
179 137
179 138
179 141
179 145
179 151
179 154
179 155
179 158
179 160
179 163
179 164
179 166
179 167
179 169
179 181
179 192
180 2
180 7
180 13
180 15
180 19
180 23
180 26
180 27
180 31
180 32
180 39
180 40
180 43
180 46
180 53
180 56
180 59
180 63
180 64
180 66
180 67
180 70
180 73
180 74
180 76
180 84
180 89
180 92
180 95
180 96
180 103
180 104
180 106
180 109
180 110
180 111
180 114
180 118
180 130
180 131
180 132
180 134
180 135
180 138
180 142
180 143
180 146
180 150
180 152
180 153
180 155
180 157
180 162
180 171
180 173
180 176
180 178
180 179
180 182
180 184
180 186
180 189
180 192
180 195
180 197
181 0
181 2
181 4
181 8
181 10
181 14
181 16
181 18
181 20
181 28
181 31
181 33
181 41
181 49
181 54
181 55
181 56
181 62
181 68
181 76
181 82
181 91
181 98
181 100
181 103
181 104
181 108
181 111
181 112
181 114
181 115
181 119
181 125
181 127
181 128
181 131
181 137
181 142
181 143
181 145
181 147
181 149
181 151
181 152
181 153
181 159
181 163
181 166
181 173
181 175
181 179
181 184
181 185
181 186
181 187
181 189
181 192
181 193
181 196
182 0
182 1
182 2
182 6
182 9
182 12
182 18
182 24
182 25
182 26
182 28
182 30
182 32
182 35
182 37
182 46
182 50
182 55
182 62
182 64
182 66
182 68
182 74
182 75
182 76
182 79
182 80
182 81
182 82
182 83
182 86
182 88
182 89
182 91
182 92
182 93
182 98
182 99
182 101
182 103
182 104
182 105
182 106
182 107
182 108
182 112
182 116
182 128
182 129
182 131
182 132
182 136
182 139
182 140
182 141
182 142
182 143
182 144
182 157
182 159
182 162
182 165
182 173
182 174
182 184
182 187
182 196
182 199
183 2
183 9
183 18
183 20
183 22
183 23
183 24
183 25
183 26
183 29
183 31
183 32
183 42
183 43
183 45
183 49
183 55
183 57
183 58
183 61
183 62
183 67
183 68
183 71
183 77
183 79
183 84
183 88
183 94
183 97
183 103
183 107
183 113
183 114
183 116
183 120
183 122
183 125
183 127
183 129
183 132
183 145
183 148
183 149
183 150
183 163
183 167
183 173
183 175
183 177
183 187
183 188
183 190
183 193
183 195
183 198
183 199
184 4
184 7
184 11
184 12
184 14
184 19
184 21
184 28
184 29
184 31
184 34
184 36
184 37
184 40
184 44
184 47
184 48
184 49
184 52
184 57
184 62
184 72
184 76
184 78
184 80
184 81
184 84
184 87
184 89
184 90
184 93
184 96
184 100
184 101
184 103
184 112
184 113
184 116
184 120
184 127
184 129
184 133
184 142
184 152
184 156
184 159
184 167
184 169
184 180
184 185
185 2
185 3
185 5
185 7
185 11
185 12
185 15
185 16
185 17
185 25
185 28
185 31
185 34
185 35
185 38
185 43
185 45
185 46
185 49
185 60
185 63
185 70
185 71
185 75
185 80
185 82
185 85
185 88
185 91
185 92
185 94
185 96
185 100
185 109
185 114
185 130
185 131
185 132
185 133
185 136
185 144
185 151
185 153
185 155
185 156
185 162
185 171
185 174
185 177
185 182
185 183
185 185
185 195
186 0
186 1
186 3
186 7
186 8
186 12
186 16
186 17
186 18
186 22
186 23
186 24
186 32
186 34
186 36
186 40
186 44
186 50
186 54
186 57
186 61
186 68
186 69
186 70
186 71
186 72
186 81
186 82
186 83
186 86
186 89
186 91
186 95
186 96
186 99
186 100
186 106
186 107
186 114
186 115
186 118
186 122
186 126
186 130
186 131
186 132
186 139
186 143
186 145
186 146
186 148
186 151
186 153
186 155
186 161
186 162
186 164
186 166
186 167
186 178
186 179
186 187
186 192
186 193
187 4
187 9
187 11
187 12
187 14
187 19
187 21
187 22
187 24
187 25
187 30
187 35
187 41
187 42
187 45
187 46
187 47
187 50
187 52
187 54
187 55
187 57
187 58
187 63
187 66
187 70
187 73
187 74
187 85
187 87
187 89
187 96
187 99
187 100
187 101
187 108
187 109
187 118
187 128
187 130
187 131
187 135
187 136
187 137
187 141
187 151
187 153
187 155
187 157
187 158
187 159
187 160
187 162
187 164
187 166
187 167
187 171
187 173
187 177
187 181
187 182
187 188
187 191
187 196
188 2
188 4
188 5
188 10
188 11
188 14
188 18
188 19
188 21
188 24
188 33
188 34
188 37
188 38
188 39
188 43
188 46
188 49
188 54
188 61
188 64
188 65
188 66
188 68
188 70
188 72
188 73
188 77
188 80
188 82
188 84
188 85
188 89
188 91
188 97
188 98
188 99
188 100
188 102
188 105
188 106
188 122
188 127
188 128
188 131
188 136
188 139
188 140
188 141
188 142
188 155
188 158
188 167
188 168
188 171
188 172
188 173
188 176
188 178
188 182
188 184
188 192
188 193
188 195
189 0
189 3
189 7
189 11
189 12
189 16
189 20
189 23
189 26
189 40
189 43
189 46
189 48
189 50
189 56
189 57
189 59
189 60
189 62
189 63
189 66
189 82
189 87
189 89
189 92
189 97
189 101
189 102
189 105
189 108
189 110
189 112
189 113
189 114
189 116
189 124
189 126
189 130
189 141
189 142
189 144
189 149
189 150
189 151
189 157
189 159
189 160
189 163
189 164
189 166
189 168
189 169
189 170
189 177
189 181
189 185
189 186
189 191
189 195
189 196
189 197
189 199
190 1
190 2
190 4
190 7
190 10
190 11
190 12
190 15
190 17
190 18
190 19
190 24
190 31
190 33
190 34
190 37
190 38
190 40
190 42
190 50
190 58
190 71
190 73
190 75
190 77
190 78
190 80
190 82
190 87
190 93
190 98
190 100
190 104
190 113
190 116
190 118
190 121
190 126
190 127
190 128
190 130
190 133
190 135
190 136
190 138
190 139
190 142
190 143
190 144
190 145
190 153
190 155
190 159
190 170
190 171
190 172
190 175
190 178
190 182
190 183
190 189
190 191
190 194
190 195
190 197
191 9
191 11
191 18
191 23
191 27
191 33
191 34
191 35
191 36
191 37
191 38
191 49
191 57
191 62
191 64
191 65
191 67
191 68
191 70
191 73
191 76
191 79
191 81
191 83
191 87
191 88
191 89
191 98
191 100
191 105
191 108
191 109
191 111
191 114
191 122
191 124
191 125
191 128
191 129
191 132
191 144
191 156
191 165
191 166
191 167
191 172
191 174
191 176
191 177
191 184
191 188
191 193
192 11
192 14
192 15
192 16
192 23
192 26
192 28
192 30
192 31
192 34
192 37
192 40
192 41
192 43
192 49
192 66
192 69
192 71
192 75
192 76
192 86
192 87
192 89
192 90
192 92
192 99
192 100
192 102
192 103
192 106
192 107
192 108
192 110
192 111
192 117
192 121
192 123
192 124
192 125
192 128
192 131
192 136
192 138
192 151
192 158
192 160
192 163
192 164
192 167
192 168
192 178
192 183
192 190
192 192
192 194
192 199
193 3
193 11
193 13
193 14
193 16
193 26
193 28
193 31
193 34
193 35
193 40
193 42
193 45
193 46
193 47
193 57
193 60
193 61
193 64
193 65
193 66
193 69
193 77
193 79
193 81
193 83
193 85
193 86
193 87
193 88
193 91
193 92
193 100
193 102
193 104
193 107
193 114
193 126
193 127
193 129
193 132
193 136
193 137
193 142
193 144
193 153
193 158
193 159
193 161
193 168
193 175
193 178
193 184
193 187
193 188
193 190
193 191
193 192
193 194
193 196
194 6
194 7
194 12
194 16
194 19
194 20
194 21
194 29
194 32
194 34
194 35
194 36
194 38
194 43
194 44
194 49
194 50
194 51
194 53
194 63
194 64
194 74
194 77
194 82
194 83
194 85
194 88
194 95
194 97
194 99
194 100
194 103
194 108
194 109
194 114
194 122
194 123
194 124
194 135
194 140
194 143
194 145
194 146
194 148
194 149
194 150
194 153
194 154
194 155
194 156
194 158
194 160
194 161
194 165
194 168
194 170
194 174
194 177
194 178
194 184
194 198
195 0
195 11
195 17
195 18
195 20
195 24
195 25
195 27
195 36
195 40
195 41
195 42
195 45
195 47
195 49
195 51
195 57
195 58
195 63
195 65
195 66
195 69
195 78
195 79
195 86
195 89
195 99
195 102
195 103
195 105
195 110
195 111
195 112
195 113
195 114
195 120
195 124
195 125
195 127
195 131
195 133
195 134
195 138
195 141
195 142
195 145
195 146
195 149
195 150
195 153
195 158
195 159
195 161
195 162
195 163
195 164
195 165
195 167
195 169
195 173
195 178
195 179
195 180
195 186
195 189
195 191
195 198
195 199
196 1
196 7
196 13
196 26
196 28
196 29
196 34
196 39
196 48
196 50
196 51
196 52
196 55
196 58
196 60
196 65
196 71
196 77
196 79
196 81
196 82
196 83
196 89
196 91
196 94
196 96
196 98
196 104
196 112
196 115
196 118
196 120
196 121
196 124
196 133
196 135
196 136
196 138
196 139
196 144
196 147
196 150
196 153
196 159
196 161
196 166
196 168
196 172
196 175
196 177
196 181
196 184
196 185
196 189
196 192
196 196
196 199
197 4
197 8
197 10
197 15
197 20
197 26
197 33
197 35
197 36
197 38
197 39
197 42
197 52
197 54
197 57
197 61
197 65
197 69
197 71
197 73
197 77
197 80
197 81
197 83
197 84
197 85
197 102
197 103
197 105
197 106
197 111
197 117
197 118
197 122
197 123
197 127
197 130
197 137
197 139
197 140
197 142
197 143
197 145
197 149
197 153
197 155
197 163
197 167
197 170
197 172
197 177
197 179
197 180
197 181
197 183
197 189
197 195
197 199
198 4
198 6
198 10
198 14
198 15
198 25
198 27
198 29
198 30
198 31
198 32
198 33
198 47
198 51
198 57
198 58
198 60
198 78
198 82
198 87
198 89
198 97
198 98
198 101
198 102
198 105
198 110
198 118
198 121
198 122
198 123
198 130
198 131
198 134
198 135
198 136
198 138
198 139
198 145
198 148
198 165
198 170
198 174
198 179
198 182
198 186
198 187
198 189
198 191
198 193
198 198
199 1
199 2
199 3
199 4
199 7
199 13
199 18
199 32
199 34
199 35
199 36
199 37
199 39
199 40
199 44
199 47
199 48
199 49
199 52
199 55
199 56
199 61
199 64
199 73
199 75
199 76
199 87
199 94
199 97
199 100
199 105
199 109
199 113
199 118
199 119
199 122
199 128
199 129
199 131
199 133
199 135
199 136
199 137
199 138
199 140
199 144
199 145
199 150
199 154
199 165
199 169
199 172
199 177
199 188
199 191
199 195
199 197
199 199
